0.01      2.29617e+11
0.011      1.7166e+11
0.012      1.31664e+11
0.013      1.03183e+11
0.014      8.23577e+10
0.015      6.67809e+10
0.016      5.48989e+10
0.017      4.56787e+10
0.018      3.84149e+10
0.019      3.2615e+10
0.02      2.79282e+10
0.021      2.40996e+10
0.022      2.09415e+10
0.023      1.83132e+10
0.024      1.61081e+10
0.025      1.42443e+10
0.026      1.26582e+10
0.027      1.12998e+10
0.028      1.01297e+10
0.029      9.11638e+09
0.03      8.23433e+09
0.031      7.46296e+09
0.032      6.78542e+09
0.033      6.18784e+09
0.034      5.65875e+09
0.035      5.18858e+09
0.036      4.76935e+09
0.037      4.39433e+09
0.038      4.05782e+09
0.039      3.755e+09
0.04      3.48175e+09
0.041      3.23452e+09
0.042      3.0103e+09
0.043      2.80645e+09
0.044      2.62071e+09
0.045      2.45111e+09
0.046      2.29592e+09
0.047      2.15364e+09
0.048      2.02296e+09
0.049      1.90271e+09
0.05      1.79186e+09
0.051      1.68952e+09
0.052      1.59488e+09
0.053      1.50722e+09
0.054      1.42592e+09
0.055      1.3504e+09
0.056      1.28015e+09
0.057      1.21473e+09
0.058      1.15373e+09
0.059      1.09676e+09
0.06      1.04352e+09
0.061      9.93689e+08
0.062      9.47004e+08
0.063      9.03219e+08
0.064      8.62112e+08
0.065      8.23479e+08
0.066      7.87136e+08
0.067      7.52916e+08
0.068      7.20665e+08
0.069      6.90243e+08
0.07      6.61522e+08
0.071      6.34383e+08
0.072      6.08719e+08
0.073      5.8443e+08
0.074      5.61425e+08
0.075      5.3962e+08
0.076      5.18938e+08
0.077      4.99306e+08
0.078      4.80658e+08
0.079      4.62934e+08
0.08      4.46076e+08
0.081      4.30033e+08
0.082      4.14754e+08
0.083      4.00195e+08
0.084      3.86314e+08
0.085      3.73072e+08
0.086      3.60431e+08
0.087      3.48359e+08
0.088      3.36822e+08
0.089      3.25793e+08
0.09      3.15243e+08
0.091      3.05145e+08
0.092      2.95477e+08
0.093      2.86215e+08
0.094      2.77338e+08
0.095      2.68827e+08
0.096      2.60662e+08
0.097      2.52825e+08
0.098      2.45302e+08
0.099      2.38075e+08
0.1      2.3113e+08
0.101      2.24454e+08
0.102      2.18034e+08
0.103      2.11858e+08
0.104      2.05913e+08
0.105      2.00189e+08
0.106      1.94677e+08
0.107      1.89365e+08
0.108      1.84246e+08
0.109      1.7931e+08
0.11      1.74549e+08
0.111      1.69956e+08
0.112      1.65523e+08
0.113      1.61243e+08
0.114      1.5711e+08
0.115      1.53117e+08
0.116      1.49259e+08
0.117      1.45529e+08
0.118      1.41923e+08
0.119      1.38435e+08
0.12      1.3506e+08
0.121      1.31794e+08
0.122      1.28633e+08
0.123      1.25572e+08
0.124      1.22608e+08
0.125      1.19736e+08
0.126      1.16953e+08
0.127      1.14255e+08
0.128      1.1164e+08
0.129      1.09104e+08
0.13      1.06644e+08
0.131      1.04257e+08
0.132      1.01941e+08
0.133      9.96931e+07
0.134      9.75104e+07
0.135      9.53909e+07
0.136      9.33321e+07
0.137      9.1332e+07
0.138      8.93885e+07
0.139      8.74995e+07
0.14      8.56631e+07
0.141      8.38776e+07
0.142      8.21412e+07
0.143      8.04521e+07
0.144      7.88088e+07
0.145      7.72098e+07
0.146      7.56535e+07
0.147      7.41384e+07
0.148      7.26634e+07
0.149      7.12269e+07
0.15      6.98279e+07
0.151      6.8465e+07
0.152      6.7137e+07
0.153      6.5843e+07
0.154      6.45817e+07
0.155      6.33522e+07
0.156      6.21535e+07
0.157      6.09845e+07
0.158      5.98444e+07
0.159      5.87323e+07
0.16      5.76474e+07
0.161      5.65887e+07
0.162      5.55555e+07
0.163      5.45471e+07
0.164      5.35627e+07
0.165      5.26015e+07
0.166      5.1663e+07
0.167      5.07464e+07
0.168      4.98511e+07
0.169      4.89764e+07
0.17      4.81219e+07
0.171      4.72869e+07
0.172      4.64708e+07
0.173      4.56731e+07
0.174      4.48933e+07
0.175      4.4131e+07
0.176      4.33855e+07
0.177      4.26565e+07
0.178      4.19434e+07
0.179      4.1246e+07
0.18      4.05636e+07
0.181      3.9896e+07
0.182      3.92427e+07
0.183      3.86034e+07
0.184      3.79776e+07
0.185      3.7365e+07
0.186      3.67653e+07
0.187      3.61782e+07
0.188      3.56032e+07
0.189      3.50401e+07
0.19      3.44886e+07
0.191      3.39484e+07
0.192      3.34192e+07
0.193      3.29006e+07
0.194      3.23926e+07
0.195      3.18947e+07
0.196      3.14067e+07
0.197      3.09285e+07
0.198      3.04596e+07
0.199      3e+07
0.2      2.95494e+07
0.201      2.91075e+07
0.202      2.86742e+07
0.203      2.82492e+07
0.204      2.78324e+07
0.205      2.74235e+07
0.206      2.70224e+07
0.207      2.66289e+07
0.208      2.62428e+07
0.209      2.58639e+07
0.21      2.5492e+07
0.211      2.51271e+07
0.212      2.47689e+07
0.213      2.44173e+07
0.214      2.40721e+07
0.215      2.37332e+07
0.216      2.34004e+07
0.217      2.30737e+07
0.218      2.27528e+07
0.219      2.24376e+07
0.22      2.21281e+07
0.221      2.1824e+07
0.222      2.15253e+07
0.223      2.12319e+07
0.224      2.09436e+07
0.225      2.06603e+07
0.226      2.03819e+07
0.227      2.01083e+07
0.228      1.98395e+07
0.229      1.95752e+07
0.23      1.93154e+07
0.231      1.90601e+07
0.232      1.8809e+07
0.233      1.85622e+07
0.234      1.83196e+07
0.235      1.80809e+07
0.236      1.78463e+07
0.237      1.76155e+07
0.238      1.73886e+07
0.239      1.71653e+07
0.24      1.69457e+07
0.241      1.67297e+07
0.242      1.65172e+07
0.243      1.63081e+07
0.244      1.61024e+07
0.245      1.59e+07
0.246      1.57009e+07
0.247      1.55049e+07
0.248      1.5312e+07
0.249      1.51221e+07
0.25      1.49352e+07
0.251      1.47513e+07
0.252      1.45702e+07
0.253      1.4392e+07
0.254      1.42165e+07
0.255      1.40437e+07
0.256      1.38735e+07
0.257      1.3706e+07
0.258      1.3541e+07
0.259      1.33786e+07
0.26      1.32185e+07
0.261      1.30609e+07
0.262      1.29057e+07
0.263      1.27528e+07
0.264      1.26022e+07
0.265      1.24538e+07
0.266      1.23076e+07
0.267      1.21636e+07
0.268      1.20217e+07
0.269      1.18819e+07
0.27      1.17441e+07
0.271      1.16083e+07
0.272      1.14745e+07
0.273      1.13426e+07
0.274      1.12126e+07
0.275      1.10845e+07
0.276      1.09582e+07
0.277      1.08338e+07
0.278      1.07111e+07
0.279      1.05901e+07
0.28      1.04708e+07
0.281      1.03532e+07
0.282      1.02373e+07
0.283      1.01229e+07
0.284      1.00102e+07
0.285      9.89904e+06
0.286      9.78941e+06
0.287      9.68129e+06
0.288      9.57465e+06
0.289      9.46947e+06
0.29      9.36573e+06
0.291      9.2634e+06
0.292      9.16246e+06
0.293      9.06288e+06
0.294      8.96465e+06
0.295      8.86773e+06
0.296      8.77211e+06
0.297      8.67777e+06
0.298      8.58468e+06
0.299      8.49283e+06
0.3      8.40219e+06
0.301      8.31274e+06
0.302      8.22447e+06
0.303      8.13736e+06
0.304      8.05138e+06
0.305      7.96653e+06
0.306      7.88277e+06
0.307      7.8001e+06
0.308      7.71849e+06
0.309      7.63794e+06
0.31      7.55842e+06
0.311      7.47991e+06
0.312      7.4024e+06
0.313      7.32588e+06
0.314      7.25033e+06
0.315      7.17573e+06
0.316      7.10208e+06
0.317      7.02935e+06
0.318      6.95753e+06
0.319      6.8866e+06
0.32      6.81656e+06
0.321      6.74739e+06
0.322      6.67907e+06
0.323      6.6116e+06
0.324      6.54496e+06
0.325      6.47914e+06
0.326      6.41412e+06
0.327      6.3499e+06
0.328      6.28646e+06
0.329      6.22378e+06
0.33      6.16187e+06
0.331      6.10071e+06
0.332      6.04028e+06
0.333      5.98057e+06
0.334      5.92158e+06
0.335      5.8633e+06
0.336      5.80571e+06
0.337      5.7488e+06
0.338      5.69257e+06
0.339      5.637e+06
0.34      5.58209e+06
0.341      5.52782e+06
0.342      5.47419e+06
0.343      5.42118e+06
0.344      5.36879e+06
0.345      5.31701e+06
0.346      5.26583e+06
0.347      5.21525e+06
0.348      5.16525e+06
0.349      5.11582e+06
0.35      5.06696e+06
0.351      5.01866e+06
0.352      4.97091e+06
0.353      4.9237e+06
0.354      4.87703e+06
0.355      4.83089e+06
0.356      4.78527e+06
0.357      4.74017e+06
0.358      4.69557e+06
0.359      4.65148e+06
0.36      4.60787e+06
0.361      4.56476e+06
0.362      4.52212e+06
0.363      4.47996e+06
0.364      4.43826e+06
0.365      4.39703e+06
0.366      4.35625e+06
0.367      4.31592e+06
0.368      4.27603e+06
0.369      4.23658e+06
0.37      4.19756e+06
0.371      4.15897e+06
0.372      4.12079e+06
0.373      4.08303e+06
0.374      4.04568e+06
0.375      4.00873e+06
0.376      3.97218e+06
0.377      3.93602e+06
0.378      3.90025e+06
0.379      3.86486e+06
0.38      3.82985e+06
0.381      3.79521e+06
0.382      3.76094e+06
0.383      3.72704e+06
0.384      3.69349e+06
0.385      3.6603e+06
0.386      3.62745e+06
0.387      3.59495e+06
0.388      3.56279e+06
0.389      3.53097e+06
0.39      3.49948e+06
0.391      3.46832e+06
0.392      3.43748e+06
0.393      3.40697e+06
0.394      3.37676e+06
0.395      3.34687e+06
0.396      3.31729e+06
0.397      3.28801e+06
0.398      3.25903e+06
0.399      3.23035e+06
0.4      3.20196e+06
0.401      3.17386e+06
0.402      3.14605e+06
0.403      3.11852e+06
0.404      3.09126e+06
0.405      3.06429e+06
0.406      3.03758e+06
0.407      3.01114e+06
0.408      2.98497e+06
0.409      2.95906e+06
0.41      2.93342e+06
0.411      2.90802e+06
0.412      2.88288e+06
0.413      2.85799e+06
0.414      2.83335e+06
0.415      2.80895e+06
0.416      2.78479e+06
0.417      2.76087e+06
0.418      2.73719e+06
0.419      2.71373e+06
0.42      2.69051e+06
0.421      2.66752e+06
0.422      2.64475e+06
0.423      2.6222e+06
0.424      2.59987e+06
0.425      2.57776e+06
0.426      2.55586e+06
0.427      2.53418e+06
0.428      2.5127e+06
0.429      2.49143e+06
0.43      2.47037e+06
0.431      2.4495e+06
0.432      2.42884e+06
0.433      2.40838e+06
0.434      2.38811e+06
0.435      2.36803e+06
0.436      2.34815e+06
0.437      2.32845e+06
0.438      2.30894e+06
0.439      2.28961e+06
0.44      2.27047e+06
0.441      2.25151e+06
0.442      2.23272e+06
0.443      2.21412e+06
0.444      2.19568e+06
0.445      2.17742e+06
0.446      2.15933e+06
0.447      2.14141e+06
0.448      2.12365e+06
0.449      2.10606e+06
0.45      2.08864e+06
0.451      2.07137e+06
0.452      2.05427e+06
0.453      2.03732e+06
0.454      2.02053e+06
0.455      2.00389e+06
0.456      1.9874e+06
0.457      1.97107e+06
0.458      1.95489e+06
0.459      1.93885e+06
0.46      1.92296e+06
0.461      1.90721e+06
0.462      1.89161e+06
0.463      1.87615e+06
0.464      1.86083e+06
0.465      1.84565e+06
0.466      1.8306e+06
0.467      1.81569e+06
0.468      1.80092e+06
0.469      1.78628e+06
0.47      1.77176e+06
0.471      1.75738e+06
0.472      1.74313e+06
0.473      1.729e+06
0.474      1.71501e+06
0.475      1.70113e+06
0.476      1.68738e+06
0.477      1.67375e+06
0.478      1.66024e+06
0.479      1.64685e+06
0.48      1.63358e+06
0.481      1.62042e+06
0.482      1.60739e+06
0.483      1.59446e+06
0.484      1.58165e+06
0.485      1.56895e+06
0.486      1.55637e+06
0.487      1.54389e+06
0.488      1.53152e+06
0.489      1.51926e+06
0.49      1.5071e+06
0.491      1.49506e+06
0.492      1.48311e+06
0.493      1.47127e+06
0.494      1.45953e+06
0.495      1.4479e+06
0.496      1.43636e+06
0.497      1.42492e+06
0.498      1.41358e+06
0.499      1.40234e+06
0.5      1.3912e+06
0.501      1.38015e+06
0.502      1.36919e+06
0.503      1.35833e+06
0.504      1.34756e+06
0.505      1.33688e+06
0.506      1.3263e+06
0.507      1.3158e+06
0.508      1.30539e+06
0.509      1.29507e+06
0.51      1.28484e+06
0.511      1.27469e+06
0.512      1.26463e+06
0.513      1.25466e+06
0.514      1.24476e+06
0.515      1.23496e+06
0.516      1.22523e+06
0.517      1.21558e+06
0.518      1.20602e+06
0.519      1.19653e+06
0.52      1.18713e+06
0.521      1.1778e+06
0.522      1.16855e+06
0.523      1.15938e+06
0.524      1.15028e+06
0.525      1.14126e+06
0.526      1.13232e+06
0.527      1.12344e+06
0.528      1.11464e+06
0.529      1.10592e+06
0.53      1.09726e+06
0.531      1.08868e+06
0.532      1.08017e+06
0.533      1.07172e+06
0.534      1.06335e+06
0.535      1.05505e+06
0.536      1.04681e+06
0.537      1.03864e+06
0.538      1.03054e+06
0.539      1.0225e+06
0.54      1.01453e+06
0.541      1.00662e+06
0.542      998778
0.543      990999
0.544      983283
0.545      975629
0.546      968038
0.547      960507
0.548      953038
0.549      945628
0.55      938279
0.551      930988
0.552      923756
0.553      916582
0.554      909465
0.555      902406
0.556      895403
0.557      888455
0.558      881564
0.559      874727
0.56      867944
0.561      861216
0.562      854541
0.563      847919
0.564      841350
0.565      834832
0.566      828367
0.567      821952
0.568      815588
0.569      809274
0.57      803010
0.571      796795
0.572      790629
0.573      784512
0.574      778443
0.575      772421
0.576      766446
0.577      760519
0.578      754637
0.579      748802
0.58      743012
0.581      737267
0.582      731567
0.583      725912
0.584      720300
0.585      714732
0.586      709207
0.587      703725
0.588      698286
0.589      692889
0.59      687533
0.591      682219
0.592      676946
0.593      671714
0.594      666522
0.595      661370
0.596      656257
0.597      651184
0.598      646150
0.599      641155
0.6      636198
0.601      631278
0.602      626397
0.603      621553
0.604      616746
0.605      611976
0.606      607242
0.607      602544
0.608      597882
0.609      593256
0.61      588665
0.611      584109
0.612      579587
0.613      575100
0.614      570647
0.615      566227
0.616      561841
0.617      557489
0.618      553169
0.619      548882
0.62      544627
0.621      540404
0.622      536214
0.623      532055
0.624      527927
0.625      523830
0.626      519765
0.627      515729
0.628      511724
0.629      507750
0.63      503805
0.631      499889
0.632      496003
0.633      492147
0.634      488319
0.635      484519
0.636      480748
0.637      477006
0.638      473291
0.639      469604
0.64      465944
0.641      462312
0.642      458707
0.643      455129
0.644      451577
0.645      448052
0.646      444553
0.647      441080
0.648      437633
0.649      434211
0.65      430815
0.651      427444
0.652      424098
0.653      420777
0.654      417480
0.655      414208
0.656      410960
0.657      407736
0.658      404536
0.659      401360
0.66      398207
0.661      395077
0.662      391970
0.663      388887
0.664      385826
0.665      382787
0.666      379771
0.667      376777
0.668      373806
0.669      370856
0.67      367928
0.671      365021
0.672      362136
0.673      359272
0.674      356428
0.675      353606
0.676      350805
0.677      348024
0.678      345263
0.679      342523
0.68      339803
0.681      337103
0.682      334422
0.683      331761
0.684      329120
0.685      326498
0.686      323895
0.687      321311
0.688      318746
0.689      316200
0.69      313672
0.691      311163
0.692      308672
0.693      306200
0.694      303745
0.695      301309
0.696      298890
0.697      296489
0.698      294105
0.699      291739
0.7      289390
0.701      287058
0.702      284743
0.703      282445
0.704      280163
0.705      277899
0.706      275650
0.707      273419
0.708      271203
0.709      269004
0.71      266820
0.711      264653
0.712      262501
0.713      260365
0.714      258244
0.715      256139
0.716      254049
0.717      251975
0.718      249915
0.719      247870
0.72      245841
0.721      243826
0.722      241826
0.723      239840
0.724      237869
0.725      235912
0.726      233969
0.727      232040
0.728      230126
0.729      228225
0.73      226338
0.731      224465
0.732      222606
0.733      220760
0.734      218927
0.735      217108
0.736      215302
0.737      213509
0.738      211729
0.739      209962
0.74      208208
0.741      206467
0.742      204738
0.743      203022
0.744      201319
0.745      199628
0.746      197949
0.747      196282
0.748      194628
0.749      192985
0.75      191355
0.751      189736
0.752      188130
0.753      186534
0.754      184951
0.755      183379
0.756      181819
0.757      180270
0.758      178732
0.759      177205
0.76      175690
0.761      174185
0.762      172692
0.763      171210
0.764      169738
0.765      168277
0.766      166827
0.767      165387
0.768      163958
0.769      162540
0.77      161131
0.771      159734
0.772      158346
0.773      156968
0.774      155601
0.775      154243
0.776      152896
0.777      151558
0.778      150231
0.779      148913
0.78      147604
0.781      146306
0.782      145016
0.783      143737
0.784      142466
0.785      141206
0.786      139954
0.787      138711
0.788      137478
0.789      136254
0.79      135039
0.791      133833
0.792      132635
0.793      131447
0.794      130267
0.795      129096
0.796      127934
0.797      126780
0.798      125635
0.799      124499
0.8      123371
0.801      122251
0.802      121139
0.803      120036
0.804      118941
0.805      117854
0.806      116775
0.807      115704
0.808      114642
0.809      113587
0.81      112540
0.811      111501
0.812      110469
0.813      109445
0.814      108429
0.815      107421
0.816      106420
0.817      105427
0.818      104441
0.819      103462
0.82      102491
0.821      101527
0.822      100571
0.823      99621.4
0.824      98679.1
0.825      97744
0.826      96816
0.827      95894.9
0.828      94980.9
0.829      94073.7
0.83      93173.4
0.831      92280
0.832      91393.3
0.833      90513.4
0.834      89640.2
0.835      88773.6
0.836      87913.6
0.837      87060.2
0.838      86213.3
0.839      85372.9
0.84      84538.9
0.841      83711.3
0.842      82890
0.843      82075.1
0.844      81266.3
0.845      80463.9
0.846      79667.6
0.847      78877.4
0.848      78093.3
0.849      77315.3
0.85      76543.3
0.851      75777.2
0.852      75017.1
0.853      74262.9
0.854      73514.6
0.855      72772.1
0.856      72035.3
0.857      71304.3
0.858      70579
0.859      69859.4
0.86      69145.4
0.861      68437
0.862      67734.1
0.863      67036.8
0.864      66344.9
0.865      65658.5
0.866      64977.5
0.867      64301.9
0.868      63631.6
0.869      62966.6
0.87      62306.9
0.871      61652.4
0.872      61003.1
0.873      60358.8
0.874      59719.6
0.875      59085.5
0.876      58456.4
0.877      57832.2
0.878      57213.1
0.879      56598.8
0.88      55989.5
0.881      55385
0.882      54785.3
0.883      54190.4
0.884      53600.4
0.885      53015
0.886      52434.4
0.887      51858.5
0.888      51287.2
0.889      50720.5
0.89      50158.5
0.891      49601
0.892      49048.1
0.893      48499.7
0.894      47955.7
0.895      47416.2
0.896      46881.2
0.897      46350.6
0.898      45824.3
0.899      45302.4
0.9      44784.8
0.901      44271.5
0.902      43762.5
0.903      43257.7
0.904      42757.1
0.905      42260.8
0.906      41768.5
0.907      41280.5
0.908      40796.5
0.909      40316.6
0.91      39840.8
0.911      39369
0.912      38901.2
0.913      38437.4
0.914      37977.6
0.915      37521.7
0.916      37069.7
0.917      36621.6
0.918      36177.3
0.919      35736.9
0.92      35300.3
0.921      34867.5
0.922      34438.5
0.923      34013.2
0.924      33591.6
0.925      33173.7
0.926      32759.5
0.927      32348.9
0.928      31942
0.929      31538.7
0.93      31138.9
0.931      30742.7
0.932      30350
0.933      29960.9
0.934      29575.2
0.935      29193
0.936      28814.3
0.937      28439
0.938      28067.1
0.939      27698.5
0.94      27333.3
0.941      26971.5
0.942      26613
0.943      26257.8
0.944      25905.8
0.945      25557.2
0.946      25211.7
0.947      24869.5
0.948      24530.4
0.949      24194.6
0.95      23861.9
0.951      23532.3
0.952      23205.9
0.953      22882.5
0.954      22562.2
0.955      22245
0.956      21930.8
0.957      21619.6
0.958      21311.5
0.959      21006.3
0.96      20704
0.961      20404.7
0.962      20108.4
0.963      19814.9
0.964      19524.3
0.965      19236.6
0.966      18951.8
0.967      18669.8
0.968      18390.5
0.969      18114.1
0.97      17840.5
0.971      17569.6
0.972      17301.5
0.973      17036.1
0.974      16773.4
0.975      16513.4
0.976      16256.1
0.977      16001.4
0.978      15749.3
0.979      15499.9
0.98      15253.1
0.981      15008.9
0.982      14767.3
0.983      14528.2
0.984      14291.6
0.985      14057.6
0.986      13826.1
0.987      13597.1
0.988      13370.6
0.989      13146.5
0.99      12924.8
0.991      12705.6
0.992      12488.8
0.993      12274.4
0.994      12062.4
0.995      11852.8
0.996      11645.5
0.997      11440.5
0.998      11237.9
0.999      11037.5
1      10839.5
1.001      10643.7
1.002      10450.2
1.003      10259
1.004      10070
1.005      9883.18
1.006      9698.59
1.007      9516.19
1.008      9335.96
1.009      9157.9
1.01      8981.98
1.011      8808.2
1.012      8636.54
1.013      8466.99
1.014      8299.53
1.015      8134.15
1.016      7970.84
1.017      7809.58
1.018      7650.36
1.019      7493.17
1.02      7337.99
1.021      7184.81
1.022      7033.61
1.023      6884.39
1.024      6737.13
1.025      6591.83
1.026      6448.45
1.027      6307
1.028      6167.46
1.029      6029.82
1.03      5894.06
1.031      5760.18
1.032      5628.16
1.033      5497.99
1.034      5369.65
1.035      5243.14
1.036      5118.44
1.037      4995.54
1.038      4874.44
1.039      4755.11
1.04      4637.54
1.041      4521.73
1.042      4407.66
1.043      4295.32
1.044      4184.7
1.045      4075.79
1.046      3968.58
1.047      3863.05
1.048      3759.2
1.049      3657.01
1.05      3556.48
1.051      3457.58
1.052      3360.32
1.053      3264.67
1.054      3170.63
1.055      3078.2
1.056      2987.35
1.057      2898.08
1.058      2810.37
1.059      2724.22
1.06      2639.62
1.061      2556.55
1.062      2475.01
1.063      2394.98
1.064      2316.45
1.065      2239.43
1.066      2163.88
1.067      2089.82
1.068      2017.21
1.069      1946.06
1.07      1876.36
1.071      1808.09
1.072      1741.25
1.073      1675.83
1.074      1611.81
1.075      1549.19
1.076      1487.96
1.077      1428.1
1.078      1369.62
1.079      1312.49
1.08      1256.72
1.081      1202.28
1.082      1149.18
1.083      1097.4
1.084      1046.94
1.085      997.783
1.086      949.921
1.087      903.347
1.088      858.052
1.089      814.027
1.09      771.263
1.091      729.753
1.092      689.486
1.093      650.455
1.094      612.651
1.095      576.065
1.096      540.691
1.097      506.518
1.098      473.538
1.099      441.744
1.1      411.128
1.101      381.68
1.102      353.394
1.103      326.261
1.104      300.272
1.105      275.421
1.106      251.698
1.107      229.097
1.108      207.61
1.109      187.228
1.11      167.944
1.111      149.75
1.112      132.639
1.113      116.603
1.114      101.634
1.115      87.726
1.116      74.8702
1.117      63.0596
1.118      52.2868
1.119      42.5445
1.12      33.8254
1.121      26.1224
1.122      19.4281
1.123      13.7354
1.124      9.03736
1.125      5.32676
1.126      2.59662
1.127      0.83996
1.128      0.0498371
1.129      0.219355
1.13      1.34165
1.131      3.40992
1.132      6.41737
1.133      10.3573
1.134      15.2229
1.135      21.0077
1.136      27.7049
1.137      35.308
1.138      43.8105
1.139      53.2058
1.14      63.4875
1.141      74.6492
1.142      86.6845
1.143      99.587
1.144      113.35
1.145      127.968
1.146      143.435
1.147      159.743
1.148      176.888
1.149      194.863
1.15      213.661
1.151      233.277
1.152      253.705
1.153      274.939
1.154      296.972
1.155      319.8
1.156      343.415
1.157      367.813
1.158      392.987
1.159      418.931
1.16      445.641
1.161      473.109
1.162      501.331
1.163      530.301
1.164      560.013
1.165      590.462
1.166      621.641
1.167      653.547
1.168      686.172
1.169      719.513
1.17      753.562
1.171      788.315
1.172      823.767
1.173      859.913
1.174      896.746
1.175      934.262
1.176      972.455
1.177      1011.32
1.178      1050.85
1.179      1091.05
1.18      1131.9
1.181      1173.4
1.182      1215.55
1.183      1258.35
1.184      1301.78
1.185      1345.84
1.186      1390.52
1.187      1435.83
1.188      1481.76
1.189      1528.3
1.19      1575.45
1.191      1623.2
1.192      1671.55
1.193      1720.49
1.194      1770.02
1.195      1820.13
1.196      1870.83
1.197      1922.09
1.198      1973.93
1.199      2026.34
1.2      2079.3
1.201      2132.82
1.202      2186.9
1.203      2241.52
1.204      2296.68
1.205      2352.39
1.206      2408.63
1.207      2465.4
1.208      2522.69
1.209      2580.51
1.21      2638.84
1.211      2697.69
1.212      2757.04
1.213      2816.9
1.214      2877.26
1.215      2938.12
1.216      2999.47
1.217      3061.31
1.218      3123.63
1.219      3186.43
1.22      3249.71
1.221      3313.46
1.222      3377.68
1.223      3442.36
1.224      3507.5
1.225      3573.1
1.226      3639.16
1.227      3705.66
1.228      3772.6
1.229      3839.99
1.23      3907.81
1.231      3976.07
1.232      4044.76
1.233      4113.87
1.234      4183.41
1.235      4253.36
1.236      4323.73
1.237      4394.51
1.238      4465.7
1.239      4537.3
1.24      4609.29
1.241      4681.68
1.242      4754.47
1.243      4827.64
1.244      4901.21
1.245      4975.15
1.246      5049.48
1.247      5124.18
1.248      5199.25
1.249      5274.7
1.25      5350.51
1.251      5426.68
1.252      5503.22
1.253      5580.11
1.254      5657.35
1.255      5734.95
1.256      5812.89
1.257      5891.17
1.258      5969.8
1.259      6048.76
1.26      6128.05
1.261      6207.68
1.262      6287.63
1.263      6367.91
1.264      6448.51
1.265      6529.43
1.266      6610.67
1.267      6692.21
1.268      6774.07
1.269      6856.23
1.27      6938.7
1.271      7021.47
1.272      7104.53
1.273      7187.89
1.274      7271.55
1.275      7355.49
1.276      7439.72
1.277      7524.23
1.278      7609.02
1.279      7694.09
1.28      7779.43
1.281      7865.05
1.282      7950.93
1.283      8037.09
1.284      8123.5
1.285      8210.18
1.286      8297.12
1.287      8384.31
1.288      8471.75
1.289      8559.45
1.29      8647.4
1.291      8735.59
1.292      8824.02
1.293      8912.69
1.294      9001.6
1.295      9090.75
1.296      9180.13
1.297      9269.74
1.298      9359.57
1.299      9449.64
1.3      9539.92
1.301      9630.43
1.302      9721.15
1.303      9812.09
1.304      9903.24
1.305      9994.6
1.306      10086.2
1.307      10178
1.308      10269.9
1.309      10362.1
1.31      10454.5
1.311      10547.1
1.312      10639.8
1.313      10732.8
1.314      10826
1.315      10919.3
1.316      11012.8
1.317      11106.5
1.318      11200.4
1.319      11294.5
1.32      11388.8
1.321      11483.2
1.322      11577.8
1.323      11672.5
1.324      11767.5
1.325      11862.6
1.326      11957.8
1.327      12053.3
1.328      12148.8
1.329      12244.6
1.33      12340.5
1.331      12436.5
1.332      12532.7
1.333      12629.1
1.334      12725.6
1.335      12822.2
1.336      12919
1.337      13016
1.338      13113
1.339      13210.2
1.34      13307.6
1.341      13405.1
1.342      13502.7
1.343      13600.4
1.344      13698.3
1.345      13796.3
1.346      13894.4
1.347      13992.7
1.348      14091.1
1.349      14189.5
1.35      14288.2
1.351      14386.9
1.352      14485.7
1.353      14584.7
1.354      14683.7
1.355      14782.9
1.356      14882.2
1.357      14981.5
1.358      15081
1.359      15180.6
1.36      15280.3
1.361      15380.1
1.362      15480
1.363      15580
1.364      15680
1.365      15780.2
1.366      15880.5
1.367      15980.8
1.368      16081.2
1.369      16181.8
1.37      16282.4
1.371      16383
1.372      16483.8
1.373      16584.7
1.374      16685.6
1.375      16786.6
1.376      16887.7
1.377      16988.8
1.378      17090
1.379      17191.3
1.38      17292.7
1.381      17394.1
1.382      17495.6
1.383      17597.2
1.384      17698.8
1.385      17800.5
1.386      17902.2
1.387      18004
1.388      18105.9
1.389      18207.8
1.39      18309.8
1.391      18411.8
1.392      18513.9
1.393      18616.1
1.394      18718.2
1.395      18820.5
1.396      18922.7
1.397      19025.1
1.398      19127.4
1.399      19229.8
1.4      19332.3
1.401      19434.8
1.402      19537.3
1.403      19639.9
1.404      19742.5
1.405      19845.1
1.406      19947.8
1.407      20050.5
1.408      20153.3
1.409      20256
1.41      20358.8
1.411      20461.7
1.412      20564.5
1.413      20667.4
1.414      20770.3
1.415      20873.2
1.416      20976.2
1.417      21079.2
1.418      21182.2
1.419      21285.2
1.42      21388.2
1.421      21491.3
1.422      21594.3
1.423      21697.4
1.424      21800.5
1.425      21903.6
1.426      22006.7
1.427      22109.8
1.428      22213
1.429      22316.1
1.43      22419.3
1.431      22522.4
1.432      22625.6
1.433      22728.8
1.434      22831.9
1.435      22935.1
1.436      23038.3
1.437      23141.4
1.438      23244.6
1.439      23347.8
1.44      23450.9
1.441      23554.1
1.442      23657.3
1.443      23760.4
1.444      23863.5
1.445      23966.7
1.446      24069.8
1.447      24172.9
1.448      24276
1.449      24379.1
1.45      24482.2
1.451      24585.3
1.452      24688.3
1.453      24791.4
1.454      24894.4
1.455      24997.4
1.456      25100.4
1.457      25203.4
1.458      25306.3
1.459      25409.3
1.46      25512.2
1.461      25615.1
1.462      25717.9
1.463      25820.8
1.464      25923.6
1.465      26026.4
1.466      26129.2
1.467      26231.9
1.468      26334.6
1.469      26437.3
1.47      26540
1.471      26642.6
1.472      26745.2
1.473      26847.8
1.474      26950.3
1.475      27052.8
1.476      27155.3
1.477      27257.7
1.478      27360.1
1.479      27462.5
1.48      27564.8
1.481      27667.1
1.482      27769.3
1.483      27871.5
1.484      27973.7
1.485      28075.8
1.486      28177.9
1.487      28280
1.488      28382
1.489      28483.9
1.49      28585.9
1.491      28687.7
1.492      28789.6
1.493      28891.4
1.494      28993.1
1.495      29094.8
1.496      29196.4
1.497      29298
1.498      29399.6
1.499      29501.1
1.5      29602.5
1.501      29703.9
1.502      29805.3
1.503      29906.6
1.504      30007.8
1.505      30109
1.506      30210.1
1.507      30311.2
1.508      30412.2
1.509      30513.2
1.51      30614.1
1.511      30715
1.512      30815.8
1.513      30916.5
1.514      31017.2
1.515      31117.9
1.516      31218.4
1.517      31318.9
1.518      31419.4
1.519      31519.8
1.52      31620.1
1.521      31720.4
1.522      31820.6
1.523      31920.7
1.524      32020.8
1.525      32120.8
1.526      32220.7
1.527      32320.6
1.528      32420.4
1.529      32520.2
1.53      32619.9
1.531      32719.5
1.532      32819
1.533      32918.5
1.534      33017.9
1.535      33117.3
1.536      33216.5
1.537      33315.7
1.538      33414.9
1.539      33513.9
1.54      33612.9
1.541      33711.8
1.542      33810.7
1.543      33909.5
1.544      34008.2
1.545      34106.8
1.546      34205.4
1.547      34303.8
1.548      34402.2
1.549      34500.6
1.55      34598.8
1.551      34697
1.552      34795.1
1.553      34893.1
1.554      34991.1
1.555      35089
1.556      35186.8
1.557      35284.5
1.558      35382.1
1.559      35479.7
1.56      35577.1
1.561      35674.5
1.562      35771.9
1.563      35869.1
1.564      35966.3
1.565      36063.3
1.566      36160.3
1.567      36257.2
1.568      36354.1
1.569      36450.8
1.57      36547.5
1.571      36644.1
1.572      36740.6
1.573      36837
1.574      36933.3
1.575      37029.5
1.576      37125.7
1.577      37221.8
1.578      37317.8
1.579      37413.7
1.58      37509.5
1.581      37605.2
1.582      37700.9
1.583      37796.4
1.584      37891.9
1.585      37987.3
1.586      38082.5
1.587      38177.7
1.588      38272.9
1.589      38367.9
1.59      38462.8
1.591      38557.7
1.592      38652.4
1.593      38747.1
1.594      38841.7
1.595      38936.2
1.596      39030.5
1.597      39124.8
1.598      39219.1
1.599      39313.2
1.6      39407.2
1.601      39501.1
1.602      39595
1.603      39688.7
1.604      39782.4
1.605      39876
1.606      39969.4
1.607      40062.8
1.608      40156.1
1.609      40249.3
1.61      40342.4
1.611      40435.4
1.612      40528.3
1.613      40621.1
1.614      40713.8
1.615      40806.4
1.616      40898.9
1.617      40991.3
1.618      41083.7
1.619      41175.9
1.62      41268
1.621      41360.1
1.622      41452
1.623      41543.9
1.624      41635.6
1.625      41727.3
1.626      41818.8
1.627      41910.3
1.628      42001.6
1.629      42092.9
1.63      42184
1.631      42275.1
1.632      42366.1
1.633      42456.9
1.634      42547.7
1.635      42638.3
1.636      42728.9
1.637      42819.4
1.638      42909.7
1.639      43000
1.64      43090.1
1.641      43180.2
1.642      43270.2
1.643      43360
1.644      43449.8
1.645      43539.4
1.646      43629
1.647      43718.4
1.648      43807.8
1.649      43897
1.65      43986.2
1.651      44075.2
1.652      44164.2
1.653      44253
1.654      44341.7
1.655      44430.4
1.656      44518.9
1.657      44607.3
1.658      44695.7
1.659      44783.9
1.66      44872
1.661      44960
1.662      45047.9
1.663      45135.7
1.664      45223.4
1.665      45311
1.666      45398.5
1.667      45485.9
1.668      45573.2
1.669      45660.4
1.67      45747.5
1.671      45834.4
1.672      45921.3
1.673      46008.1
1.674      46094.7
1.675      46181.3
1.676      46267.7
1.677      46354.1
1.678      46440.3
1.679      46526.4
1.68      46612.5
1.681      46698.4
1.682      46784.2
1.683      46869.9
1.684      46955.5
1.685      47041
1.686      47126.4
1.687      47211.7
1.688      47296.8
1.689      47381.9
1.69      47466.9
1.691      47551.7
1.692      47636.5
1.693      47721.1
1.694      47805.7
1.695      47890.1
1.696      47974.4
1.697      48058.6
1.698      48142.7
1.699      48226.7
1.7      48310.6
1.701      48394.4
1.702      48478.1
1.703      48561.6
1.704      48645.1
1.705      48728.5
1.706      48811.7
1.707      48894.8
1.708      48977.9
1.709      49060.8
1.71      49143.6
1.711      49226.3
1.712      49308.9
1.713      49391.4
1.714      49473.8
1.715      49556.1
1.716      49638.2
1.717      49720.3
1.718      49802.2
1.719      49884.1
1.72      49965.8
1.721      50047.4
1.722      50128.9
1.723      50210.3
1.724      50291.6
1.725      50372.8
1.726      50453.9
1.727      50534.9
1.728      50615.7
1.729      50696.5
1.73      50777.1
1.731      50857.7
1.732      50938.1
1.733      51018.4
1.734      51098.6
1.735      51178.7
1.736      51258.7
1.737      51338.6
1.738      51418.4
1.739      51498
1.74      51577.6
1.741      51657
1.742      51736.4
1.743      51815.6
1.744      51894.7
1.745      51973.7
1.746      52052.6
1.747      52131.4
1.748      52210.1
1.749      52288.7
1.75      52367.1
1.751      52445.5
1.752      52523.7
1.753      52601.8
1.754      52679.9
1.755      52757.8
1.756      52835.6
1.757      52913.3
1.758      52990.9
1.759      53068.3
1.76      53145.7
1.761      53223
1.762      53300.1
1.763      53377.1
1.764      53454.1
1.765      53530.9
1.766      53607.6
1.767      53684.2
1.768      53760.7
1.769      53837.1
1.77      53913.3
1.771      53989.5
1.772      54065.6
1.773      54141.5
1.774      54217.3
1.775      54293.1
1.776      54368.7
1.777      54444.2
1.778      54519.6
1.779      54594.9
1.78      54670
1.781      54745.1
1.782      54820.1
1.783      54894.9
1.784      54969.6
1.785      55044.3
1.786      55118.8
1.787      55193.2
1.788      55267.5
1.789      55341.7
1.79      55415.8
1.791      55489.8
1.792      55563.6
1.793      55637.4
1.794      55711
1.795      55784.6
1.796      55858
1.797      55931.3
1.798      56004.5
1.799      56077.6
1.8      56150.6
1.801      56223.5
1.802      56296.3
1.803      56368.9
1.804      56441.5
1.805      56513.9
1.806      56586.3
1.807      56658.5
1.808      56730.6
1.809      56802.7
1.81      56874.6
1.811      56946.3
1.812      57018
1.813      57089.6
1.814      57161.1
1.815      57232.4
1.816      57303.7
1.817      57374.8
1.818      57445.9
1.819      57516.8
1.82      57587.6
1.821      57658.3
1.822      57728.9
1.823      57799.4
1.824      57869.8
1.825      57940.1
1.826      58010.2
1.827      58080.3
1.828      58150.3
1.829      58220.1
1.83      58289.8
1.831      58359.5
1.832      58429
1.833      58498.4
1.834      58567.7
1.835      58636.9
1.836      58706
1.837      58775
1.838      58843.8
1.839      58912.6
1.84      58981.3
1.841      59049.8
1.842      59118.2
1.843      59186.6
1.844      59254.8
1.845      59322.9
1.846      59390.9
1.847      59458.8
1.848      59526.6
1.849      59594.3
1.85      59661.9
1.851      59729.4
1.852      59796.8
1.853      59864
1.854      59931.2
1.855      59998.2
1.856      60065.2
1.857      60132
1.858      60198.7
1.859      60265.4
1.86      60331.9
1.861      60398.3
1.862      60464.6
1.863      60530.8
1.864      60596.9
1.865      60662.9
1.866      60728.7
1.867      60794.5
1.868      60860.2
1.869      60925.7
1.87      60991.2
1.871      61056.5
1.872      61121.8
1.873      61186.9
1.874      61251.9
1.875      61316.9
1.876      61381.7
1.877      61446.4
1.878      61511
1.879      61575.5
1.88      61639.9
1.881      61704.2
1.882      61768.4
1.883      61832.5
1.884      61896.4
1.885      61960.3
1.886      62024.1
1.887      62087.7
1.888      62151.3
1.889      62214.7
1.89      62278.1
1.891      62341.3
1.892      62404.5
1.893      62467.5
1.894      62530.4
1.895      62593.2
1.896      62656
1.897      62718.6
1.898      62781.1
1.899      62843.5
1.9      62905.8
1.901      62968
1.902      63030.1
1.903      63092.1
1.904      63154
1.905      63215.7
1.906      63277.4
1.907      63339
1.908      63400.5
1.909      63461.8
1.91      63523.1
1.911      63584.3
1.912      63645.3
1.913      63706.3
1.914      63767.1
1.915      63827.9
1.916      63888.5
1.917      63949.1
1.918      64009.5
1.919      64069.8
1.92      64130.1
1.921      64190.2
1.922      64250.2
1.923      64310.2
1.924      64370
1.925      64429.7
1.926      64489.3
1.927      64548.9
1.928      64608.3
1.929      64667.6
1.93      64726.8
1.931      64785.9
1.932      64844.9
1.933      64903.8
1.934      64962.6
1.935      65021.3
1.936      65079.9
1.937      65138.4
1.938      65196.8
1.939      65255.1
1.94      65313.3
1.941      65371.4
1.942      65429.4
1.943      65487.3
1.944      65545.1
1.945      65602.8
1.946      65660.4
1.947      65717.9
1.948      65775.3
1.949      65832.6
1.95      65889.8
1.951      65946.9
1.952      66003.8
1.953      66060.7
1.954      66117.5
1.955      66174.2
1.956      66230.8
1.957      66287.3
1.958      66343.7
1.959      66400
1.96      66456.2
1.961      66512.3
1.962      66568.3
1.963      66624.2
1.964      66680
1.965      66735.6
1.966      66791.2
1.967      66846.7
1.968      66902.1
1.969      66957.4
1.97      67012.6
1.971      67067.7
1.972      67122.8
1.973      67177.7
1.974      67232.5
1.975      67287.2
1.976      67341.8
1.977      67396.3
1.978      67450.7
1.979      67505
1.98      67559.3
1.981      67613.4
1.982      67667.4
1.983      67721.3
1.984      67775.2
1.985      67828.9
1.986      67882.5
1.987      67936.1
1.988      67989.5
1.989      68042.8
1.99      68096.1
1.991      68149.2
1.992      68202.3
1.993      68255.2
1.994      68308.1
1.995      68360.9
1.996      68413.5
1.997      68466.1
1.998      68518.6
1.999      68571
2      68623.2
2.001      68675.4
2.002      68727.5
2.003      68779.5
2.004      68831.4
2.005      68883.2
2.006      68934.9
2.007      68986.5
2.008      69038.1
2.009      69089.5
2.01      69140.8
2.011      69192
2.012      69243.2
2.013      69294.2
2.014      69345.2
2.015      69396
2.016      69446.8
2.017      69497.4
2.018      69548
2.019      69598.5
2.02      69648.9
2.021      69699.1
2.022      69749.3
2.023      69799.4
2.024      69849.4
2.025      69899.3
2.026      69949.2
2.027      69998.9
2.028      70048.5
2.029      70098
2.03      70147.5
2.031      70196.8
2.032      70246.1
2.033      70295.3
2.034      70344.3
2.035      70393.3
2.036      70442.2
2.037      70491
2.038      70539.7
2.039      70588.3
2.04      70636.8
2.041      70685.2
2.042      70733.6
2.043      70781.8
2.044      70830
2.045      70878
2.046      70926
2.047      70973.9
2.048      71021.6
2.049      71069.3
2.05      71116.9
2.051      71164.4
2.052      71211.8
2.053      71259.2
2.054      71306.4
2.055      71353.5
2.056      71400.6
2.057      71447.6
2.058      71494.4
2.059      71541.2
2.06      71587.9
2.061      71634.5
2.062      71681
2.063      71727.4
2.064      71773.8
2.065      71820
2.066      71866.2
2.067      71912.2
2.068      71958.2
2.069      72004.1
2.07      72049.9
2.071      72095.6
2.072      72141.2
2.073      72186.7
2.074      72232.1
2.075      72277.5
2.076      72322.7
2.077      72367.9
2.078      72413
2.079      72458
2.08      72502.9
2.081      72547.7
2.082      72592.4
2.083      72637.1
2.084      72681.6
2.085      72726.1
2.086      72770.5
2.087      72814.8
2.088      72859
2.089      72903.1
2.09      72947.1
2.091      72991.1
2.092      73034.9
2.093      73078.7
2.094      73122.4
2.095      73166
2.096      73209.5
2.097      73252.9
2.098      73296.2
2.099      73339.5
2.1      73382.6
2.101      73425.7
2.102      73468.7
2.103      73511.6
2.104      73554.4
2.105      73597.2
2.106      73639.8
2.107      73682.4
2.108      73724.9
2.109      73767.2
2.11      73809.6
2.111      73851.8
2.112      73893.9
2.113      73936
2.114      73977.9
2.115      74019.8
2.116      74061.6
2.117      74103.3
2.118      74145
2.119      74186.5
2.12      74228
2.121      74269.4
2.122      74310.7
2.123      74351.9
2.124      74393
2.125      74434
2.126      74475
2.127      74515.9
2.128      74556.7
2.129      74597.4
2.13      74638
2.131      74678.6
2.132      74719
2.133      74759.4
2.134      74799.7
2.135      74840
2.136      74880.1
2.137      74920.2
2.138      74960.1
2.139      75000
2.14      75039.8
2.141      75079.6
2.142      75119.2
2.143      75158.8
2.144      75198.3
2.145      75237.7
2.146      75277
2.147      75316.3
2.148      75355.4
2.149      75394.5
2.15      75433.5
2.151      75472.4
2.152      75511.3
2.153      75550
2.154      75588.7
2.155      75627.3
2.156      75665.9
2.157      75704.3
2.158      75742.7
2.159      75781
2.16      75819.2
2.161      75857.3
2.162      75895.4
2.163      75933.3
2.164      75971.2
2.165      76009.1
2.166      76046.8
2.167      76084.5
2.168      76122
2.169      76159.6
2.17      76197
2.171      76234.3
2.172      76271.6
2.173      76308.8
2.174      76345.9
2.175      76383
2.176      76419.9
2.177      76456.8
2.178      76493.7
2.179      76530.4
2.18      76567.1
2.181      76603.6
2.182      76640.2
2.183      76676.6
2.184      76713
2.185      76749.2
2.186      76785.5
2.187      76821.6
2.188      76857.7
2.189      76893.6
2.19      76929.5
2.191      76965.4
2.192      77001.2
2.193      77036.8
2.194      77072.5
2.195      77108
2.196      77143.5
2.197      77178.9
2.198      77214.2
2.199      77249.4
2.2      77284.6
2.201      77319.7
2.202      77354.7
2.203      77389.7
2.204      77424.6
2.205      77459.4
2.206      77494.1
2.207      77528.8
2.208      77563.4
2.209      77597.9
2.21      77632.4
2.211      77666.8
2.212      77701.1
2.213      77735.3
2.214      77769.5
2.215      77803.6
2.216      77837.6
2.217      77871.6
2.218      77905.5
2.219      77939.3
2.22      77973.1
2.221      78006.7
2.222      78040.4
2.223      78073.9
2.224      78107.4
2.225      78140.8
2.226      78174.1
2.227      78207.4
2.228      78240.6
2.229      78273.7
2.23      78306.8
2.231      78339.8
2.232      78372.7
2.233      78405.6
2.234      78438.4
2.235      78471.1
2.236      78503.8
2.237      78536.4
2.238      78568.9
2.239      78601.4
2.24      78633.8
2.241      78666.1
2.242      78698.4
2.243      78730.6
2.244      78762.7
2.245      78794.8
2.246      78826.8
2.247      78858.8
2.248      78890.7
2.249      78922.5
2.25      78954.2
2.251      78985.9
2.252      79017.6
2.253      79049.1
2.254      79080.6
2.255      79112.1
2.256      79143.4
2.257      79174.8
2.258      79206
2.259      79237.2
2.26      79268.3
2.261      79299.4
2.262      79330.4
2.263      79361.4
2.264      79392.3
2.265      79423.1
2.266      79453.8
2.267      79484.6
2.268      79515.2
2.269      79545.8
2.27      79576.3
2.271      79606.8
2.272      79637.2
2.273      79667.6
2.274      79697.8
2.275      79728.1
2.276      79758.3
2.277      79788.4
2.278      79818.4
2.279      79848.5
2.28      79878.4
2.281      79908.3
2.282      79938.1
2.283      79967.9
2.284      79997.6
2.285      80027.3
2.286      80056.9
2.287      80086.5
2.288      80116
2.289      80145.4
2.29      80174.8
2.291      80204.2
2.292      80233.5
2.293      80262.7
2.294      80291.9
2.295      80321
2.296      80350.1
2.297      80379.1
2.298      80408.1
2.299      80437
2.3      80465.9
2.301      80494.7
2.302      80523.5
2.303      80552.2
2.304      80580.9
2.305      80609.5
2.306      80638.1
2.307      80666.6
2.308      80695
2.309      80723.5
2.31      80751.8
2.311      80780.2
2.312      80808.4
2.313      80836.7
2.314      80864.8
2.315      80893
2.316      80921.1
2.317      80949.1
2.318      80977.1
2.319      81005
2.32      81032.9
2.321      81060.8
2.322      81088.6
2.323      81116.4
2.324      81144.1
2.325      81171.8
2.326      81199.4
2.327      81227
2.328      81254.5
2.329      81282
2.33      81309.5
2.331      81336.9
2.332      81364.3
2.333      81391.6
2.334      81418.9
2.335      81446.2
2.336      81473.4
2.337      81500.6
2.338      81527.7
2.339      81554.8
2.34      81581.8
2.341      81608.8
2.342      81635.8
2.343      81662.7
2.344      81689.6
2.345      81716.5
2.346      81743.3
2.347      81770.1
2.348      81796.8
2.349      81823.5
2.35      81850.2
2.351      81876.9
2.352      81903.5
2.353      81930
2.354      81956.6
2.355      81983
2.356      82009.5
2.357      82035.9
2.358      82062.3
2.359      82088.7
2.36      82115
2.361      82141.3
2.362      82167.6
2.363      82193.8
2.364      82220
2.365      82246.1
2.366      82272.3
2.367      82298.4
2.368      82324.4
2.369      82350.5
2.37      82376.5
2.371      82402.5
2.372      82428.4
2.373      82454.3
2.374      82480.2
2.375      82506.1
2.376      82531.9
2.377      82557.7
2.378      82583.5
2.379      82609.2
2.38      82634.9
2.381      82660.6
2.382      82686.3
2.383      82711.9
2.384      82737.5
2.385      82763.1
2.386      82788.7
2.387      82814.2
2.388      82839.7
2.389      82865.2
2.39      82890.7
2.391      82916.1
2.392      82941.5
2.393      82966.9
2.394      82992.2
2.395      83017.6
2.396      83042.9
2.397      83068.2
2.398      83093.4
2.399      83118.7
2.4      83143.9
2.401      83169.1
2.402      83194.2
2.403      83219.4
2.404      83244.5
2.405      83269.6
2.406      83294.7
2.407      83319.7
2.408      83344.8
2.409      83369.8
2.41      83394.8
2.411      83419.8
2.412      83444.7
2.413      83469.6
2.414      83494.5
2.415      83519.4
2.416      83544.3
2.417      83569.1
2.418      83593.9
2.419      83618.7
2.42      83643.5
2.421      83668.3
2.422      83693
2.423      83717.7
2.424      83742.4
2.425      83767.1
2.426      83791.8
2.427      83816.4
2.428      83841
2.429      83865.6
2.43      83890.2
2.431      83914.7
2.432      83939.3
2.433      83963.8
2.434      83988.2
2.435      84012.7
2.436      84037.1
2.437      84061.6
2.438      84086
2.439      84110.3
2.44      84134.7
2.441      84159
2.442      84183.3
2.443      84207.6
2.444      84231.9
2.445      84256.1
2.446      84280.3
2.447      84304.5
2.448      84328.7
2.449      84352.8
2.45      84377
2.451      84401.1
2.452      84425.1
2.453      84449.2
2.454      84473.2
2.455      84497.2
2.456      84521.1
2.457      84545.1
2.458      84569
2.459      84592.9
2.46      84616.7
2.461      84640.6
2.462      84664.4
2.463      84688.1
2.464      84711.9
2.465      84735.6
2.466      84759.3
2.467      84782.9
2.468      84806.5
2.469      84830.1
2.47      84853.6
2.471      84877.2
2.472      84900.6
2.473      84924.1
2.474      84947.5
2.475      84970.9
2.476      84994.2
2.477      85017.5
2.478      85040.8
2.479      85064
2.48      85087.2
2.481      85110.4
2.482      85133.5
2.483      85156.6
2.484      85179.6
2.485      85202.6
2.486      85225.5
2.487      85248.4
2.488      85271.3
2.489      85294.1
2.49      85316.9
2.491      85339.6
2.492      85362.3
2.493      85384.9
2.494      85407.5
2.495      85430
2.496      85452.5
2.497      85474.9
2.498      85497.3
2.499      85519.6
2.5      85541.9
2.501      85564.1
2.502      85586.3
2.503      85608.4
2.504      85630.5
2.505      85652.5
2.506      85674.4
2.507      85696.3
2.508      85718.1
2.509      85739.9
2.51      85761.6
2.511      85783.2
2.512      85804.8
2.513      85826.3
2.514      85847.7
2.515      85869.1
2.516      85890.5
2.517      85911.7
2.518      85932.9
2.519      85954
2.52      85975.1
2.521      85996
2.522      86017
2.523      86037.8
2.524      86058.6
2.525      86079.3
2.526      86099.9
2.527      86120.4
2.528      86140.9
2.529      86161.3
2.53      86181.6
2.531      86201.9
2.532      86222
2.533      86242.1
2.534      86262.2
2.535      86282.1
2.536      86301.9
2.537      86321.7
2.538      86341.4
2.539      86361
2.54      86380.5
2.541      86400
2.542      86419.3
2.543      86438.6
2.544      86457.8
2.545      86476.9
2.546      86495.9
2.547      86514.9
2.548      86533.7
2.549      86552.5
2.55      86571.1
2.551      86589.7
2.552      86608.2
2.553      86626.6
2.554      86644.9
2.555      86663.2
2.556      86681.3
2.557      86699.3
2.558      86717.3
2.559      86735.1
2.56      86752.9
2.561      86770.6
2.562      86788.2
2.563      86805.7
2.564      86823.1
2.565      86840.4
2.566      86857.6
2.567      86874.7
2.568      86891.7
2.569      86908.7
2.57      86925.5
2.571      86942.3
2.572      86958.9
2.573      86975.5
2.574      86991.9
2.575      87008.3
2.576      87024.6
2.577      87040.7
2.578      87056.8
2.579      87072.8
2.58      87088.7
2.581      87104.5
2.582      87120.2
2.583      87135.8
2.584      87151.4
2.585      87166.8
2.586      87182.1
2.587      87197.3
2.588      87212.5
2.589      87227.5
2.59      87242.5
2.591      87257.4
2.592      87272.1
2.593      87286.8
2.594      87301.4
2.595      87315.9
2.596      87330.3
2.597      87344.6
2.598      87358.8
2.599      87372.9
2.6      87387
2.601      87400.9
2.602      87414.8
2.603      87428.6
2.604      87442.2
2.605      87455.8
2.606      87469.3
2.607      87482.7
2.608      87496.1
2.609      87509.3
2.61      87522.4
2.611      87535.5
2.612      87548.5
2.613      87561.4
2.614      87574.2
2.615      87586.9
2.616      87599.5
2.617      87612.1
2.618      87624.6
2.619      87636.9
2.62      87649.2
2.621      87661.5
2.622      87673.6
2.623      87685.7
2.624      87697.6
2.625      87709.5
2.626      87721.4
2.627      87733.1
2.628      87744.8
2.629      87756.4
2.63      87767.9
2.631      87779.3
2.632      87790.6
2.633      87801.9
2.634      87813.1
2.635      87824.3
2.636      87835.3
2.637      87846.3
2.638      87857.2
2.639      87868.1
2.64      87878.8
2.641      87889.5
2.642      87900.2
2.643      87910.7
2.644      87921.2
2.645      87931.6
2.646      87942
2.647      87952.3
2.648      87962.5
2.649      87972.6
2.65      87982.7
2.651      87992.8
2.652      88002.7
2.653      88012.6
2.654      88022.5
2.655      88032.2
2.656      88041.9
2.657      88051.6
2.658      88061.2
2.659      88070.7
2.66      88080.2
2.661      88089.6
2.662      88098.9
2.663      88108.2
2.664      88117.4
2.665      88126.6
2.666      88135.7
2.667      88144.8
2.668      88153.8
2.669      88162.8
2.67      88171.7
2.671      88180.5
2.672      88189.3
2.673      88198.1
2.674      88206.8
2.675      88215.4
2.676      88224
2.677      88232.5
2.678      88241
2.679      88249.5
2.68      88257.9
2.681      88266.2
2.682      88274.5
2.683      88282.8
2.684      88291
2.685      88299.1
2.686      88307.2
2.687      88315.3
2.688      88323.3
2.689      88331.3
2.69      88339.2
2.691      88347.1
2.692      88355
2.693      88362.8
2.694      88370.6
2.695      88378.3
2.696      88386
2.697      88393.6
2.698      88401.2
2.699      88408.8
2.7      88416.3
2.701      88423.8
2.702      88431.3
2.703      88438.7
2.704      88446
2.705      88453.4
2.706      88460.7
2.707      88468
2.708      88475.2
2.709      88482.4
2.71      88489.5
2.711      88496.7
2.712      88503.8
2.713      88510.8
2.714      88517.9
2.715      88524.8
2.716      88531.8
2.717      88538.7
2.718      88545.6
2.719      88552.5
2.72      88559.3
2.721      88566.1
2.722      88572.9
2.723      88579.7
2.724      88586.4
2.725      88593.1
2.726      88599.7
2.727      88606.3
2.728      88612.9
2.729      88619.5
2.73      88626
2.731      88632.6
2.732      88639
2.733      88645.5
2.734      88651.9
2.735      88658.3
2.736      88664.7
2.737      88671.1
2.738      88677.4
2.739      88683.7
2.74      88690
2.741      88696.3
2.742      88702.5
2.743      88708.7
2.744      88714.9
2.745      88721
2.746      88727.2
2.747      88733.3
2.748      88739.4
2.749      88745.5
2.75      88751.5
2.751      88757.5
2.752      88763.5
2.753      88769.5
2.754      88775.5
2.755      88781.4
2.756      88787.3
2.757      88793.2
2.758      88799.1
2.759      88804.9
2.76      88810.8
2.761      88816.6
2.762      88822.4
2.763      88828.2
2.764      88833.9
2.765      88839.6
2.766      88845.4
2.767      88851.1
2.768      88856.7
2.769      88862.4
2.77      88868
2.771      88873.7
2.772      88879.3
2.773      88884.8
2.774      88890.4
2.775      88896
2.776      88901.5
2.777      88907
2.778      88912.5
2.779      88918
2.78      88923.5
2.781      88928.9
2.782      88934.3
2.783      88939.7
2.784      88945.1
2.785      88950.5
2.786      88955.9
2.787      88961.2
2.788      88966.6
2.789      88971.9
2.79      88977.2
2.791      88982.5
2.792      88987.8
2.793      88993
2.794      88998.2
2.795      89003.5
2.796      89008.7
2.797      89013.9
2.798      89019.1
2.799      89024.2
2.8      89029.4
2.801      89034.5
2.802      89039.6
2.803      89044.7
2.804      89049.8
2.805      89054.9
2.806      89060
2.807      89065
2.808      89070.1
2.809      89075.1
2.81      89080.1
2.811      89085.1
2.812      89090.1
2.813      89095
2.814      89100
2.815      89104.9
2.816      89109.9
2.817      89114.8
2.818      89119.7
2.819      89124.6
2.82      89129.4
2.821      89134.3
2.822      89139.1
2.823      89144
2.824      89148.8
2.825      89153.6
2.826      89158.4
2.827      89163.2
2.828      89167.9
2.829      89172.7
2.83      89177.4
2.831      89182.2
2.832      89186.9
2.833      89191.6
2.834      89196.3
2.835      89201
2.836      89205.7
2.837      89210.3
2.838      89215
2.839      89219.6
2.84      89224.2
2.841      89228.8
2.842      89233.4
2.843      89238
2.844      89242.6
2.845      89247.1
2.846      89251.7
2.847      89256.2
2.848      89260.7
2.849      89265.2
2.85      89269.7
2.851      89274.2
2.852      89278.7
2.853      89283.1
2.854      89287.6
2.855      89292
2.856      89296.5
2.857      89300.9
2.858      89305.3
2.859      89309.7
2.86      89314
2.861      89318.4
2.862      89322.8
2.863      89327.1
2.864      89331.4
2.865      89335.8
2.866      89340.1
2.867      89344.4
2.868      89348.6
2.869      89352.9
2.87      89357.2
2.871      89361.4
2.872      89365.7
2.873      89369.9
2.874      89374.1
2.875      89378.3
2.876      89382.5
2.877      89386.7
2.878      89390.8
2.879      89395
2.88      89399.1
2.881      89403.3
2.882      89407.4
2.883      89411.5
2.884      89415.6
2.885      89419.7
2.886      89423.7
2.887      89427.8
2.888      89431.9
2.889      89435.9
2.89      89439.9
2.891      89443.9
2.892      89447.9
2.893      89451.9
2.894      89455.9
2.895      89459.9
2.896      89463.8
2.897      89467.8
2.898      89471.7
2.899      89475.6
2.9      89479.5
2.901      89483.4
2.902      89487.3
2.903      89491.2
2.904      89495
2.905      89498.9
2.906      89502.7
2.907      89506.6
2.908      89510.4
2.909      89514.2
2.91      89518
2.911      89521.8
2.912      89525.5
2.913      89529.3
2.914      89533
2.915      89536.8
2.916      89540.5
2.917      89544.2
2.918      89547.9
2.919      89551.6
2.92      89555.2
2.921      89558.9
2.922      89562.6
2.923      89566.2
2.924      89569.8
2.925      89573.4
2.926      89577
2.927      89580.6
2.928      89584.2
2.929      89587.8
2.93      89591.3
2.931      89594.9
2.932      89598.4
2.933      89601.9
2.934      89605.5
2.935      89609
2.936      89612.4
2.937      89615.9
2.938      89619.4
2.939      89622.8
2.94      89626.3
2.941      89629.7
2.942      89633.1
2.943      89636.5
2.944      89639.9
2.945      89643.3
2.946      89646.7
2.947      89650
2.948      89653.4
2.949      89656.7
2.95      89660
2.951      89663.3
2.952      89666.6
2.953      89669.9
2.954      89673.2
2.955      89676.4
2.956      89679.7
2.957      89682.9
2.958      89686.2
2.959      89689.4
2.96      89692.6
2.961      89695.8
2.962      89699
2.963      89702.1
2.964      89705.3
2.965      89708.4
2.966      89711.6
2.967      89714.7
2.968      89717.8
2.969      89720.9
2.97      89724
2.971      89727.1
2.972      89730.1
2.973      89733.2
2.974      89736.2
2.975      89739.3
2.976      89742.3
2.977      89745.3
2.978      89748.3
2.979      89751.3
2.98      89754.2
2.981      89757.2
2.982      89760.2
2.983      89763.1
2.984      89766
2.985      89768.9
2.986      89771.8
2.987      89774.7
2.988      89777.6
2.989      89780.5
2.99      89783.4
2.991      89786.2
2.992      89789
2.993      89791.9
2.994      89794.7
2.995      89797.5
2.996      89800.3
2.997      89803.1
2.998      89805.8
2.999      89808.6
3      89811.3
3.001      89814.1
3.002      89816.8
3.003      89819.5
3.004      89822.2
3.005      89824.9
3.006      89827.6
3.007      89830.2
3.008      89832.9
3.009      89835.6
3.01      89838.2
3.011      89840.8
3.012      89843.4
3.013      89846
3.014      89848.6
3.015      89851.2
3.016      89853.8
3.017      89856.3
3.018      89858.9
3.019      89861.4
3.02      89864
3.021      89866.5
3.022      89869
3.023      89871.5
3.024      89874
3.025      89876.4
3.026      89878.9
3.027      89881.4
3.028      89883.8
3.029      89886.2
3.03      89888.7
3.031      89891.1
3.032      89893.5
3.033      89895.9
3.034      89898.3
3.035      89900.6
3.036      89903
3.037      89905.3
3.038      89907.7
3.039      89910
3.04      89912.3
3.041      89914.6
3.042      89916.9
3.043      89919.2
3.044      89921.5
3.045      89923.8
3.046      89926
3.047      89928.3
3.048      89930.5
3.049      89932.8
3.05      89935
3.051      89937.2
3.052      89939.4
3.053      89941.6
3.054      89943.8
3.055      89945.9
3.056      89948.1
3.057      89950.3
3.058      89952.4
3.059      89954.5
3.06      89956.7
3.061      89958.8
3.062      89960.9
3.063      89963
3.064      89965.1
3.065      89967.1
3.066      89969.2
3.067      89971.3
3.068      89973.3
3.069      89975.3
3.07      89977.4
3.071      89979.4
3.072      89981.4
3.073      89983.4
3.074      89985.4
3.075      89987.4
3.076      89989.4
3.077      89991.3
3.078      89993.3
3.079      89995.2
3.08      89997.2
3.081      89999.1
3.082      90001
3.083      90003
3.084      90004.9
3.085      90006.8
3.086      90008.7
3.087      90010.5
3.088      90012.4
3.089      90014.3
3.09      90016.1
3.091      90018
3.092      90019.8
3.093      90021.6
3.094      90023.5
3.095      90025.3
3.096      90027.1
3.097      90028.9
3.098      90030.7
3.099      90032.4
3.1      90034.2
3.101      90036
3.102      90037.7
3.103      90039.5
3.104      90041.2
3.105      90043
3.106      90044.7
3.107      90046.4
3.108      90048.1
3.109      90049.8
3.11      90051.5
3.111      90053.2
3.112      90054.9
3.113      90056.5
3.114      90058.2
3.115      90059.9
3.116      90061.5
3.117      90063.1
3.118      90064.8
3.119      90066.4
3.12      90068
3.121      90069.6
3.122      90071.2
3.123      90072.8
3.124      90074.4
3.125      90076
3.126      90077.6
3.127      90079.1
3.128      90080.7
3.129      90082.3
3.13      90083.8
3.131      90085.3
3.132      90086.9
3.133      90088.4
3.134      90089.9
3.135      90091.4
3.136      90092.9
3.137      90094.4
3.138      90095.9
3.139      90097.4
3.14      90098.9
3.141      90100.4
3.142      90101.8
3.143      90103.3
3.144      90104.7
3.145      90106.2
3.146      90107.6
3.147      90109.1
3.148      90110.5
3.149      90111.9
3.15      90113.3
3.151      90114.7
3.152      90116.1
3.153      90117.5
3.154      90118.9
3.155      90120.3
3.156      90121.7
3.157      90123
3.158      90124.4
3.159      90125.8
3.16      90127.1
3.161      90128.5
3.162      90129.8
3.163      90131.1
3.164      90132.5
3.165      90133.8
3.166      90135.1
3.167      90136.4
3.168      90137.7
3.169      90139
3.17      90140.3
3.171      90141.6
3.172      90142.9
3.173      90144.2
3.174      90145.4
3.175      90146.7
3.176      90148
3.177      90149.2
3.178      90150.5
3.179      90151.7
3.18      90153
3.181      90154.2
3.182      90155.4
3.183      90156.7
3.184      90157.9
3.185      90159.1
3.186      90160.3
3.187      90161.5
3.188      90162.7
3.189      90163.9
3.19      90165.1
3.191      90166.3
3.192      90167.4
3.193      90168.6
3.194      90169.8
3.195      90170.9
3.196      90172.1
3.197      90173.3
3.198      90174.4
3.199      90175.5
3.2      90176.7
3.201      90177.8
3.202      90178.9
3.203      90180.1
3.204      90181.2
3.205      90182.3
3.206      90183.4
3.207      90184.5
3.208      90185.6
3.209      90186.7
3.21      90187.8
3.211      90188.9
3.212      90190
3.213      90191.1
3.214      90192.1
3.215      90193.2
3.216      90194.3
3.217      90195.3
3.218      90196.4
3.219      90197.5
3.22      90198.5
3.221      90199.5
3.222      90200.6
3.223      90201.6
3.224      90202.7
3.225      90203.7
3.226      90204.7
3.227      90205.7
3.228      90206.7
3.229      90207.8
3.23      90208.8
3.231      90209.8
3.232      90210.8
3.233      90211.8
3.234      90212.8
3.235      90213.7
3.236      90214.7
3.237      90215.7
3.238      90216.7
3.239      90217.7
3.24      90218.6
3.241      90219.6
3.242      90220.6
3.243      90221.5
3.244      90222.5
3.245      90223.4
3.246      90224.4
3.247      90225.3
3.248      90226.2
3.249      90227.2
3.25      90228.1
3.251      90229
3.252      90230
3.253      90230.9
3.254      90231.8
3.255      90232.7
3.256      90233.6
3.257      90234.5
3.258      90235.5
3.259      90236.4
3.26      90237.3
3.261      90238.1
3.262      90239
3.263      90239.9
3.264      90240.8
3.265      90241.7
3.266      90242.6
3.267      90243.4
3.268      90244.3
3.269      90245.2
3.27      90246.1
3.271      90246.9
3.272      90247.8
3.273      90248.6
3.274      90249.5
3.275      90250.3
3.276      90251.2
3.277      90252
3.278      90252.9
3.279      90253.7
3.28      90254.5
3.281      90255.4
3.282      90256.2
3.283      90257
3.284      90257.9
3.285      90258.7
3.286      90259.5
3.287      90260.3
3.288      90261.1
3.289      90261.9
3.29      90262.7
3.291      90263.5
3.292      90264.3
3.293      90265.1
3.294      90265.9
3.295      90266.7
3.296      90267.5
3.297      90268.3
3.298      90269.1
3.299      90269.9
3.3      90270.6
3.301      90271.4
3.302      90272.2
3.303      90273
3.304      90273.7
3.305      90274.5
3.306      90275.3
3.307      90276
3.308      90276.8
3.309      90277.5
3.31      90278.3
3.311      90279
3.312      90279.8
3.313      90280.5
3.314      90281.3
3.315      90282
3.316      90282.8
3.317      90283.5
3.318      90284.2
3.319      90285
3.32      90285.7
3.321      90286.4
3.322      90287.1
3.323      90287.9
3.324      90288.6
3.325      90289.3
3.326      90290
3.327      90290.7
3.328      90291.4
3.329      90292.1
3.33      90292.9
3.331      90293.6
3.332      90294.3
3.333      90295
3.334      90295.7
3.335      90296.4
3.336      90297
3.337      90297.7
3.338      90298.4
3.339      90299.1
3.34      90299.8
3.341      90300.5
3.342      90301.2
3.343      90301.8
3.344      90302.5
3.345      90303.2
3.346      90303.9
3.347      90304.5
3.348      90305.2
3.349      90305.9
3.35      90306.5
3.351      90307.2
3.352      90307.8
3.353      90308.5
3.354      90309.2
3.355      90309.8
3.356      90310.5
3.357      90311.1
3.358      90311.8
3.359      90312.4
3.36      90313
3.361      90313.7
3.362      90314.3
3.363      90315
3.364      90315.6
3.365      90316.2
3.366      90316.9
3.367      90317.5
3.368      90318.1
3.369      90318.8
3.37      90319.4
3.371      90320
3.372      90320.6
3.373      90321.3
3.374      90321.9
3.375      90322.5
3.376      90323.1
3.377      90323.7
3.378      90324.3
3.379      90324.9
3.38      90325.5
3.381      90326.1
3.382      90326.8
3.383      90327.4
3.384      90328
3.385      90328.6
3.386      90329.2
3.387      90329.8
3.388      90330.3
3.389      90330.9
3.39      90331.5
3.391      90332.1
3.392      90332.7
3.393      90333.3
3.394      90333.9
3.395      90334.5
3.396      90335
3.397      90335.6
3.398      90336.2
3.399      90336.8
3.4      90337.4
3.401      90337.9
3.402      90338.5
3.403      90339.1
3.404      90339.6
3.405      90340.2
3.406      90340.8
3.407      90341.3
3.408      90341.9
3.409      90342.5
3.41      90343
3.411      90343.6
3.412      90344.1
3.413      90344.7
3.414      90345.2
3.415      90345.8
3.416      90346.4
3.417      90346.9
3.418      90347.4
3.419      90348
3.42      90348.5
3.421      90349.1
3.422      90349.6
3.423      90350.2
3.424      90350.7
3.425      90351.2
3.426      90351.8
3.427      90352.3
3.428      90352.9
3.429      90353.4
3.43      90353.9
3.431      90354.5
3.432      90355
3.433      90355.5
3.434      90356
3.435      90356.6
3.436      90357.1
3.437      90357.6
3.438      90358.1
3.439      90358.6
3.44      90359.2
3.441      90359.7
3.442      90360.2
3.443      90360.7
3.444      90361.2
3.445      90361.7
3.446      90362.3
3.447      90362.8
3.448      90363.3
3.449      90363.8
3.45      90364.3
3.451      90364.8
3.452      90365.3
3.453      90365.8
3.454      90366.3
3.455      90366.8
3.456      90367.3
3.457      90367.8
3.458      90368.3
3.459      90368.8
3.46      90369.3
3.461      90369.8
3.462      90370.3
3.463      90370.8
3.464      90371.2
3.465      90371.7
3.466      90372.2
3.467      90372.7
3.468      90373.2
3.469      90373.7
3.47      90374.2
3.471      90374.6
3.472      90375.1
3.473      90375.6
3.474      90376.1
3.475      90376.5
3.476      90377
3.477      90377.5
3.478      90378
3.479      90378.4
3.48      90378.9
3.481      90379.4
3.482      90379.9
3.483      90380.3
3.484      90380.8
3.485      90381.3
3.486      90381.7
3.487      90382.2
3.488      90382.6
3.489      90383.1
3.49      90383.6
3.491      90384
3.492      90384.5
3.493      90384.9
3.494      90385.4
3.495      90385.9
3.496      90386.3
3.497      90386.8
3.498      90387.2
3.499      90387.7
3.5      90388.1
3.501      90388.6
3.502      90389
3.503      90389.5
3.504      90389.9
3.505      90390.4
3.506      90390.8
3.507      90391.2
3.508      90391.7
3.509      90392.1
3.51      90392.6
3.511      90393
3.512      90393.4
3.513      90393.9
3.514      90394.3
3.515      90394.8
3.516      90395.2
3.517      90395.6
3.518      90396.1
3.519      90396.5
3.52      90396.9
3.521      90397.3
3.522      90397.8
3.523      90398.2
3.524      90398.6
3.525      90399.1
3.526      90399.5
3.527      90399.9
3.528      90400.3
3.529      90400.8
3.53      90401.2
3.531      90401.6
3.532      90402
3.533      90402.4
3.534      90402.9
3.535      90403.3
3.536      90403.7
3.537      90404.1
3.538      90404.5
3.539      90404.9
3.54      90405.3
3.541      90405.8
3.542      90406.2
3.543      90406.6
3.544      90407
3.545      90407.4
3.546      90407.8
3.547      90408.2
3.548      90408.6
3.549      90409
3.55      90409.4
3.551      90409.8
3.552      90410.2
3.553      90410.6
3.554      90411
3.555      90411.4
3.556      90411.8
3.557      90412.2
3.558      90412.6
3.559      90413
3.56      90413.4
3.561      90413.8
3.562      90414.2
3.563      90414.6
3.564      90415
3.565      90415.4
3.566      90415.8
3.567      90416.2
3.568      90416.6
3.569      90417
3.57      90417.3
3.571      90417.7
3.572      90418.1
3.573      90418.5
3.574      90418.9
3.575      90419.3
3.576      90419.7
3.577      90420
3.578      90420.4
3.579      90420.8
3.58      90421.2
3.581      90421.6
3.582      90421.9
3.583      90422.3
3.584      90422.7
3.585      90423.1
3.586      90423.5
3.587      90423.8
3.588      90424.2
3.589      90424.6
3.59      90424.9
3.591      90425.3
3.592      90425.7
3.593      90426.1
3.594      90426.4
3.595      90426.8
3.596      90427.2
3.597      90427.5
3.598      90427.9
3.599      90428.3
3.6      90428.6
3.601      90429
3.602      90429.4
3.603      90429.7
3.604      90430.1
3.605      90430.5
3.606      90430.8
3.607      90431.2
3.608      90431.5
3.609      90431.9
3.61      90432.3
3.611      90432.6
3.612      90433
3.613      90433.3
3.614      90433.7
3.615      90434
3.616      90434.4
3.617      90434.7
3.618      90435.1
3.619      90435.5
3.62      90435.8
3.621      90436.2
3.622      90436.5
3.623      90436.9
3.624      90437.2
3.625      90437.6
3.626      90437.9
3.627      90438.2
3.628      90438.6
3.629      90438.9
3.63      90439.3
3.631      90439.6
3.632      90440
3.633      90440.3
3.634      90440.7
3.635      90441
3.636      90441.3
3.637      90441.7
3.638      90442
3.639      90442.4
3.64      90442.7
3.641      90443
3.642      90443.4
3.643      90443.7
3.644      90444
3.645      90444.4
3.646      90444.7
3.647      90445.1
3.648      90445.4
3.649      90445.7
3.65      90446.1
3.651      90446.4
3.652      90446.7
3.653      90447
3.654      90447.4
3.655      90447.7
3.656      90448
3.657      90448.4
3.658      90448.7
3.659      90449
3.66      90449.3
3.661      90449.7
3.662      90450
3.663      90450.3
3.664      90450.6
3.665      90451
3.666      90451.3
3.667      90451.6
3.668      90451.9
3.669      90452.3
3.67      90452.6
3.671      90452.9
3.672      90453.2
3.673      90453.5
3.674      90453.8
3.675      90454.2
3.676      90454.5
3.677      90454.8
3.678      90455.1
3.679      90455.4
3.68      90455.7
3.681      90456.1
3.682      90456.4
3.683      90456.7
3.684      90457
3.685      90457.3
3.686      90457.6
3.687      90457.9
3.688      90458.2
3.689      90458.5
3.69      90458.9
3.691      90459.2
3.692      90459.5
3.693      90459.8
3.694      90460.1
3.695      90460.4
3.696      90460.7
3.697      90461
3.698      90461.3
3.699      90461.6
3.7      90461.9
3.701      90462.2
3.702      90462.5
3.703      90462.8
3.704      90463.1
3.705      90463.4
3.706      90463.7
3.707      90464
3.708      90464.3
3.709      90464.6
3.71      90464.9
3.711      90465.2
3.712      90465.5
3.713      90465.8
3.714      90466.1
3.715      90466.4
3.716      90466.7
3.717      90467
3.718      90467.3
3.719      90467.6
3.72      90467.9
3.721      90468.2
3.722      90468.5
3.723      90468.7
3.724      90469
3.725      90469.3
3.726      90469.6
3.727      90469.9
3.728      90470.2
3.729      90470.5
3.73      90470.8
3.731      90471.1
3.732      90471.3
3.733      90471.6
3.734      90471.9
3.735      90472.2
3.736      90472.5
3.737      90472.8
3.738      90473.1
3.739      90473.3
3.74      90473.6
3.741      90473.9
3.742      90474.2
3.743      90474.5
3.744      90474.7
3.745      90475
3.746      90475.3
3.747      90475.6
3.748      90475.9
3.749      90476.1
3.75      90476.4
3.751      90476.7
3.752      90477
3.753      90477.2
3.754      90477.5
3.755      90477.8
3.756      90478.1
3.757      90478.3
3.758      90478.6
3.759      90478.9
3.76      90479.2
3.761      90479.4
3.762      90479.7
3.763      90480
3.764      90480.3
3.765      90480.5
3.766      90480.8
3.767      90481.1
3.768      90481.3
3.769      90481.6
3.77      90481.9
3.771      90482.1
3.772      90482.4
3.773      90482.7
3.774      90482.9
3.775      90483.2
3.776      90483.5
3.777      90483.7
3.778      90484
3.779      90484.3
3.78      90484.5
3.781      90484.8
3.782      90485.1
3.783      90485.3
3.784      90485.6
3.785      90485.8
3.786      90486.1
3.787      90486.4
3.788      90486.6
3.789      90486.9
3.79      90487.1
3.791      90487.4
3.792      90487.7
3.793      90487.9
3.794      90488.2
3.795      90488.4
3.796      90488.7
3.797      90488.9
3.798      90489.2
3.799      90489.5
3.8      90489.7
3.801      90490
3.802      90490.2
3.803      90490.5
3.804      90490.7
3.805      90491
3.806      90491.2
3.807      90491.5
3.808      90491.7
3.809      90492
3.81      90492.2
3.811      90492.5
3.812      90492.7
3.813      90493
3.814      90493.2
3.815      90493.5
3.816      90493.7
3.817      90494
3.818      90494.2
3.819      90494.5
3.82      90494.7
3.821      90495
3.822      90495.2
3.823      90495.5
3.824      90495.7
3.825      90495.9
3.826      90496.2
3.827      90496.4
3.828      90496.7
3.829      90496.9
3.83      90497.2
3.831      90497.4
3.832      90497.6
3.833      90497.9
3.834      90498.1
3.835      90498.4
3.836      90498.6
3.837      90498.8
3.838      90499.1
3.839      90499.3
3.84      90499.6
3.841      90499.8
3.842      90500
3.843      90500.3
3.844      90500.5
3.845      90500.7
3.846      90501
3.847      90501.2
3.848      90501.5
3.849      90501.7
3.85      90501.9
3.851      90502.2
3.852      90502.4
3.853      90502.6
3.854      90502.9
3.855      90503.1
3.856      90503.3
3.857      90503.5
3.858      90503.8
3.859      90504
3.86      90504.2
3.861      90504.5
3.862      90504.7
3.863      90504.9
3.864      90505.2
3.865      90505.4
3.866      90505.6
3.867      90505.8
3.868      90506.1
3.869      90506.3
3.87      90506.5
3.871      90506.8
3.872      90507
3.873      90507.2
3.874      90507.4
3.875      90507.7
3.876      90507.9
3.877      90508.1
3.878      90508.3
3.879      90508.6
3.88      90508.8
3.881      90509
3.882      90509.2
3.883      90509.4
3.884      90509.7
3.885      90509.9
3.886      90510.1
3.887      90510.3
3.888      90510.5
3.889      90510.8
3.89      90511
3.891      90511.2
3.892      90511.4
3.893      90511.6
3.894      90511.9
3.895      90512.1
3.896      90512.3
3.897      90512.5
3.898      90512.7
3.899      90512.9
3.9      90513.2
3.901      90513.4
3.902      90513.6
3.903      90513.8
3.904      90514
3.905      90514.2
3.906      90514.4
3.907      90514.7
3.908      90514.9
3.909      90515.1
3.91      90515.3
3.911      90515.5
3.912      90515.7
3.913      90515.9
3.914      90516.1
3.915      90516.4
3.916      90516.6
3.917      90516.8
3.918      90517
3.919      90517.2
3.92      90517.4
3.921      90517.6
3.922      90517.8
3.923      90518
3.924      90518.2
3.925      90518.4
3.926      90518.7
3.927      90518.9
3.928      90519.1
3.929      90519.3
3.93      90519.5
3.931      90519.7
3.932      90519.9
3.933      90520.1
3.934      90520.3
3.935      90520.5
3.936      90520.7
3.937      90520.9
3.938      90521.1
3.939      90521.3
3.94      90521.5
3.941      90521.7
3.942      90521.9
3.943      90522.1
3.944      90522.3
3.945      90522.5
3.946      90522.7
3.947      90522.9
3.948      90523.1
3.949      90523.3
3.95      90523.5
3.951      90523.7
3.952      90523.9
3.953      90524.1
3.954      90524.3
3.955      90524.5
3.956      90524.7
3.957      90524.9
3.958      90525.1
3.959      90525.3
3.96      90525.5
3.961      90525.7
3.962      90525.9
3.963      90526.1
3.964      90526.3
3.965      90526.5
3.966      90526.7
3.967      90526.9
3.968      90527.1
3.969      90527.2
3.97      90527.4
3.971      90527.6
3.972      90527.8
3.973      90528
3.974      90528.2
3.975      90528.4
3.976      90528.6
3.977      90528.8
3.978      90529
3.979      90529.2
3.98      90529.4
3.981      90529.5
3.982      90529.7
3.983      90529.9
3.984      90530.1
3.985      90530.3
3.986      90530.5
3.987      90530.7
3.988      90530.9
3.989      90531.1
3.99      90531.2
3.991      90531.4
3.992      90531.6
3.993      90531.8
3.994      90532
3.995      90532.2
3.996      90532.4
3.997      90532.5
3.998      90532.7
3.999      90532.9
4      90533.1
4.001      90533.3
4.002      90533.5
4.003      90533.6
4.004      90533.8
4.005      90534
4.006      90534.2
4.007      90534.4
4.008      90534.6
4.009      90534.7
4.01      90534.9
4.011      90535.1
4.012      90535.3
4.013      90535.5
4.014      90535.6
4.015      90535.8
4.016      90536
4.017      90536.2
4.018      90536.4
4.019      90536.5
4.02      90536.7
4.021      90536.9
4.022      90537.1
4.023      90537.2
4.024      90537.4
4.025      90537.6
4.026      90537.8
4.027      90538
4.028      90538.1
4.029      90538.3
4.03      90538.5
4.031      90538.7
4.032      90538.8
4.033      90539
4.034      90539.2
4.035      90539.4
4.036      90539.5
4.037      90539.7
4.038      90539.9
4.039      90540
4.04      90540.2
4.041      90540.4
4.042      90540.6
4.043      90540.7
4.044      90540.9
4.045      90541.1
4.046      90541.3
4.047      90541.4
4.048      90541.6
4.049      90541.8
4.05      90541.9
4.051      90542.1
4.052      90542.3
4.053      90542.4
4.054      90542.6
4.055      90542.8
4.056      90543
4.057      90543.1
4.058      90543.3
4.059      90543.5
4.06      90543.6
4.061      90543.8
4.062      90544
4.063      90544.1
4.064      90544.3
4.065      90544.5
4.066      90544.6
4.067      90544.8
4.068      90545
4.069      90545.1
4.07      90545.3
4.071      90545.5
4.072      90545.6
4.073      90545.8
4.074      90545.9
4.075      90546.1
4.076      90546.3
4.077      90546.4
4.078      90546.6
4.079      90546.8
4.08      90546.9
4.081      90547.1
4.082      90547.2
4.083      90547.4
4.084      90547.6
4.085      90547.7
4.086      90547.9
4.087      90548.1
4.088      90548.2
4.089      90548.4
4.09      90548.5
4.091      90548.7
4.092      90548.9
4.093      90549
4.094      90549.2
4.095      90549.3
4.096      90549.5
4.097      90549.6
4.098      90549.8
4.099      90550
4.1      90550.1
4.101      90550.3
4.102      90550.4
4.103      90550.6
4.104      90550.8
4.105      90550.9
4.106      90551.1
4.107      90551.2
4.108      90551.4
4.109      90551.5
4.11      90551.7
4.111      90551.8
4.112      90552
4.113      90552.1
4.114      90552.3
4.115      90552.5
4.116      90552.6
4.117      90552.8
4.118      90552.9
4.119      90553.1
4.12      90553.2
4.121      90553.4
4.122      90553.5
4.123      90553.7
4.124      90553.8
4.125      90554
4.126      90554.1
4.127      90554.3
4.128      90554.4
4.129      90554.6
4.13      90554.7
4.131      90554.9
4.132      90555
4.133      90555.2
4.134      90555.3
4.135      90555.5
4.136      90555.6
4.137      90555.8
4.138      90555.9
4.139      90556.1
4.14      90556.2
4.141      90556.4
4.142      90556.5
4.143      90556.7
4.144      90556.8
4.145      90557
4.146      90557.1
4.147      90557.3
4.148      90557.4
4.149      90557.6
4.15      90557.7
4.151      90557.9
4.152      90558
4.153      90558.1
4.154      90558.3
4.155      90558.4
4.156      90558.6
4.157      90558.7
4.158      90558.9
4.159      90559
4.16      90559.2
4.161      90559.3
4.162      90559.4
4.163      90559.6
4.164      90559.7
4.165      90559.9
4.166      90560
4.167      90560.2
4.168      90560.3
4.169      90560.4
4.17      90560.6
4.171      90560.7
4.172      90560.9
4.173      90561
4.174      90561.1
4.175      90561.3
4.176      90561.4
4.177      90561.6
4.178      90561.7
4.179      90561.8
4.18      90562
4.181      90562.1
4.182      90562.3
4.183      90562.4
4.184      90562.5
4.185      90562.7
4.186      90562.8
4.187      90563
4.188      90563.1
4.189      90563.2
4.19      90563.4
4.191      90563.5
4.192      90563.6
4.193      90563.8
4.194      90563.9
4.195      90564.1
4.196      90564.2
4.197      90564.3
4.198      90564.5
4.199      90564.6
4.2      90564.7
4.201      90564.9
4.202      90565
4.203      90565.1
4.204      90565.3
4.205      90565.4
4.206      90565.5
4.207      90565.7
4.208      90565.8
4.209      90566
4.21      90566.1
4.211      90566.2
4.212      90566.4
4.213      90566.5
4.214      90566.6
4.215      90566.7
4.216      90566.9
4.217      90567
4.218      90567.1
4.219      90567.3
4.22      90567.4
4.221      90567.5
4.222      90567.7
4.223      90567.8
4.224      90567.9
4.225      90568.1
4.226      90568.2
4.227      90568.3
4.228      90568.5
4.229      90568.6
4.23      90568.7
4.231      90568.8
4.232      90569
4.233      90569.1
4.234      90569.2
4.235      90569.4
4.236      90569.5
4.237      90569.6
4.238      90569.7
4.239      90569.9
4.24      90570
4.241      90570.1
4.242      90570.3
4.243      90570.4
4.244      90570.5
4.245      90570.6
4.246      90570.8
4.247      90570.9
4.248      90571
4.249      90571.1
4.25      90571.3
4.251      90571.4
4.252      90571.5
4.253      90571.6
4.254      90571.8
4.255      90571.9
4.256      90572
4.257      90572.1
4.258      90572.3
4.259      90572.4
4.26      90572.5
4.261      90572.6
4.262      90572.8
4.263      90572.9
4.264      90573
4.265      90573.1
4.266      90573.3
4.267      90573.4
4.268      90573.5
4.269      90573.6
4.27      90573.7
4.271      90573.9
4.272      90574
4.273      90574.1
4.274      90574.2
4.275      90574.4
4.276      90574.5
4.277      90574.6
4.278      90574.7
4.279      90574.8
4.28      90575
4.281      90575.1
4.282      90575.2
4.283      90575.3
4.284      90575.4
4.285      90575.6
4.286      90575.7
4.287      90575.8
4.288      90575.9
4.289      90576
4.29      90576.2
4.291      90576.3
4.292      90576.4
4.293      90576.5
4.294      90576.6
4.295      90576.7
4.296      90576.9
4.297      90577
4.298      90577.1
4.299      90577.2
4.3      90577.3
4.301      90577.5
4.302      90577.6
4.303      90577.7
4.304      90577.8
4.305      90577.9
4.306      90578
4.307      90578.2
4.308      90578.3
4.309      90578.4
4.31      90578.5
4.311      90578.6
4.312      90578.7
4.313      90578.8
4.314      90579
4.315      90579.1
4.316      90579.2
4.317      90579.3
4.318      90579.4
4.319      90579.5
4.32      90579.6
4.321      90579.8
4.322      90579.9
4.323      90580
4.324      90580.1
4.325      90580.2
4.326      90580.3
4.327      90580.4
4.328      90580.5
4.329      90580.7
4.33      90580.8
4.331      90580.9
4.332      90581
4.333      90581.1
4.334      90581.2
4.335      90581.3
4.336      90581.4
4.337      90581.5
4.338      90581.7
4.339      90581.8
4.34      90581.9
4.341      90582
4.342      90582.1
4.343      90582.2
4.344      90582.3
4.345      90582.4
4.346      90582.5
4.347      90582.7
4.348      90582.8
4.349      90582.9
4.35      90583
4.351      90583.1
4.352      90583.2
4.353      90583.3
4.354      90583.4
4.355      90583.5
4.356      90583.6
4.357      90583.7
4.358      90583.8
4.359      90584
4.36      90584.1
4.361      90584.2
4.362      90584.3
4.363      90584.4
4.364      90584.5
4.365      90584.6
4.366      90584.7
4.367      90584.8
4.368      90584.9
4.369      90585
4.37      90585.1
4.371      90585.2
4.372      90585.3
4.373      90585.4
4.374      90585.5
4.375      90585.7
4.376      90585.8
4.377      90585.9
4.378      90586
4.379      90586.1
4.38      90586.2
4.381      90586.3
4.382      90586.4
4.383      90586.5
4.384      90586.6
4.385      90586.7
4.386      90586.8
4.387      90586.9
4.388      90587
4.389      90587.1
4.39      90587.2
4.391      90587.3
4.392      90587.4
4.393      90587.5
4.394      90587.6
4.395      90587.7
4.396      90587.8
4.397      90587.9
4.398      90588
4.399      90588.1
4.4      90588.2
4.401      90588.3
4.402      90588.4
4.403      90588.5
4.404      90588.6
4.405      90588.7
4.406      90588.8
4.407      90588.9
4.408      90589
4.409      90589.1
4.41      90589.2
4.411      90589.3
4.412      90589.4
4.413      90589.5
4.414      90589.6
4.415      90589.7
4.416      90589.8
4.417      90589.9
4.418      90590
4.419      90590.1
4.42      90590.2
4.421      90590.3
4.422      90590.4
4.423      90590.5
4.424      90590.6
4.425      90590.7
4.426      90590.8
4.427      90590.9
4.428      90591
4.429      90591.1
4.43      90591.2
4.431      90591.3
4.432      90591.4
4.433      90591.5
4.434      90591.6
4.435      90591.7
4.436      90591.8
4.437      90591.9
4.438      90592
4.439      90592.1
4.44      90592.2
4.441      90592.3
4.442      90592.4
4.443      90592.5
4.444      90592.6
4.445      90592.6
4.446      90592.7
4.447      90592.8
4.448      90592.9
4.449      90593
4.45      90593.1
4.451      90593.2
4.452      90593.3
4.453      90593.4
4.454      90593.5
4.455      90593.6
4.456      90593.7
4.457      90593.8
4.458      90593.9
4.459      90594
4.46      90594.1
4.461      90594.2
4.462      90594.2
4.463      90594.3
4.464      90594.4
4.465      90594.5
4.466      90594.6
4.467      90594.7
4.468      90594.8
4.469      90594.9
4.47      90595
4.471      90595.1
4.472      90595.2
4.473      90595.3
4.474      90595.4
4.475      90595.4
4.476      90595.5
4.477      90595.6
4.478      90595.7
4.479      90595.8
4.48      90595.9
4.481      90596
4.482      90596.1
4.483      90596.2
4.484      90596.3
4.485      90596.4
4.486      90596.4
4.487      90596.5
4.488      90596.6
4.489      90596.7
4.49      90596.8
4.491      90596.9
4.492      90597
4.493      90597.1
4.494      90597.2
4.495      90597.2
4.496      90597.3
4.497      90597.4
4.498      90597.5
4.499      90597.6
4.5      90597.7
4.501      90597.8
4.502      90597.9
4.503      90597.9
4.504      90598
4.505      90598.1
4.506      90598.2
4.507      90598.3
4.508      90598.4
4.509      90598.5
4.51      90598.6
4.511      90598.6
4.512      90598.7
4.513      90598.8
4.514      90598.9
4.515      90599
4.516      90599.1
4.517      90599.2
4.518      90599.3
4.519      90599.3
4.52      90599.4
4.521      90599.5
4.522      90599.6
4.523      90599.7
4.524      90599.8
4.525      90599.9
4.526      90599.9
4.527      90600
4.528      90600.1
4.529      90600.2
4.53      90600.3
4.531      90600.4
4.532      90600.4
4.533      90600.5
4.534      90600.6
4.535      90600.7
4.536      90600.8
4.537      90600.9
4.538      90600.9
4.539      90601
4.54      90601.1
4.541      90601.2
4.542      90601.3
4.543      90601.4
4.544      90601.4
4.545      90601.5
4.546      90601.6
4.547      90601.7
4.548      90601.8
4.549      90601.9
4.55      90601.9
4.551      90602
4.552      90602.1
4.553      90602.2
4.554      90602.3
4.555      90602.4
4.556      90602.4
4.557      90602.5
4.558      90602.6
4.559      90602.7
4.56      90602.8
4.561      90602.8
4.562      90602.9
4.563      90603
4.564      90603.1
4.565      90603.2
4.566      90603.2
4.567      90603.3
4.568      90603.4
4.569      90603.5
4.57      90603.6
4.571      90603.6
4.572      90603.7
4.573      90603.8
4.574      90603.9
4.575      90604
4.576      90604
4.577      90604.1
4.578      90604.2
4.579      90604.3
4.58      90604.4
4.581      90604.4
4.582      90604.5
4.583      90604.6
4.584      90604.7
4.585      90604.8
4.586      90604.8
4.587      90604.9
4.588      90605
4.589      90605.1
4.59      90605.1
4.591      90605.2
4.592      90605.3
4.593      90605.4
4.594      90605.5
4.595      90605.5
4.596      90605.6
4.597      90605.7
4.598      90605.8
4.599      90605.8
4.6      90605.9
4.601      90606
4.602      90606.1
4.603      90606.1
4.604      90606.2
4.605      90606.3
4.606      90606.4
4.607      90606.5
4.608      90606.5
4.609      90606.6
4.61      90606.7
4.611      90606.8
4.612      90606.8
4.613      90606.9
4.614      90607
4.615      90607.1
4.616      90607.1
4.617      90607.2
4.618      90607.3
4.619      90607.4
4.62      90607.4
4.621      90607.5
4.622      90607.6
4.623      90607.7
4.624      90607.7
4.625      90607.8
4.626      90607.9
4.627      90608
4.628      90608
4.629      90608.1
4.63      90608.2
4.631      90608.3
4.632      90608.3
4.633      90608.4
4.634      90608.5
4.635      90608.5
4.636      90608.6
4.637      90608.7
4.638      90608.8
4.639      90608.8
4.64      90608.9
4.641      90609
4.642      90609.1
4.643      90609.1
4.644      90609.2
4.645      90609.3
4.646      90609.3
4.647      90609.4
4.648      90609.5
4.649      90609.6
4.65      90609.6
4.651      90609.7
4.652      90609.8
4.653      90609.9
4.654      90609.9
4.655      90610
4.656      90610.1
4.657      90610.1
4.658      90610.2
4.659      90610.3
4.66      90610.3
4.661      90610.4
4.662      90610.5
4.663      90610.6
4.664      90610.6
4.665      90610.7
4.666      90610.8
4.667      90610.8
4.668      90610.9
4.669      90611
4.67      90611.1
4.671      90611.1
4.672      90611.2
4.673      90611.3
4.674      90611.3
4.675      90611.4
4.676      90611.5
4.677      90611.5
4.678      90611.6
4.679      90611.7
4.68      90611.7
4.681      90611.8
4.682      90611.9
4.683      90612
4.684      90612
4.685      90612.1
4.686      90612.2
4.687      90612.2
4.688      90612.3
4.689      90612.4
4.69      90612.4
4.691      90612.5
4.692      90612.6
4.693      90612.6
4.694      90612.7
4.695      90612.8
4.696      90612.8
4.697      90612.9
4.698      90613
4.699      90613
4.7      90613.1
4.701      90613.2
4.702      90613.2
4.703      90613.3
4.704      90613.4
4.705      90613.4
4.706      90613.5
4.707      90613.6
4.708      90613.6
4.709      90613.7
4.71      90613.8
4.711      90613.8
4.712      90613.9
4.713      90614
4.714      90614
4.715      90614.1
4.716      90614.2
4.717      90614.2
4.718      90614.3
4.719      90614.4
4.72      90614.4
4.721      90614.5
4.722      90614.6
4.723      90614.6
4.724      90614.7
4.725      90614.8
4.726      90614.8
4.727      90614.9
4.728      90615
4.729      90615
4.73      90615.1
4.731      90615.2
4.732      90615.2
4.733      90615.3
4.734      90615.3
4.735      90615.4
4.736      90615.5
4.737      90615.5
4.738      90615.6
4.739      90615.7
4.74      90615.7
4.741      90615.8
4.742      90615.9
4.743      90615.9
4.744      90616
4.745      90616
4.746      90616.1
4.747      90616.2
4.748      90616.2
4.749      90616.3
4.75      90616.4
4.751      90616.4
4.752      90616.5
4.753      90616.6
4.754      90616.6
4.755      90616.7
4.756      90616.7
4.757      90616.8
4.758      90616.9
4.759      90616.9
4.76      90617
4.761      90617.1
4.762      90617.1
4.763      90617.2
4.764      90617.2
4.765      90617.3
4.766      90617.4
4.767      90617.4
4.768      90617.5
4.769      90617.5
4.77      90617.6
4.771      90617.7
4.772      90617.7
4.773      90617.8
4.774      90617.9
4.775      90617.9
4.776      90618
4.777      90618
4.778      90618.1
4.779      90618.2
4.78      90618.2
4.781      90618.3
4.782      90618.3
4.783      90618.4
4.784      90618.5
4.785      90618.5
4.786      90618.6
4.787      90618.6
4.788      90618.7
4.789      90618.8
4.79      90618.8
4.791      90618.9
4.792      90618.9
4.793      90619
4.794      90619.1
4.795      90619.1
4.796      90619.2
4.797      90619.2
4.798      90619.3
4.799      90619.4
4.8      90619.4
4.801      90619.5
4.802      90619.5
4.803      90619.6
4.804      90619.6
4.805      90619.7
4.806      90619.8
4.807      90619.8
4.808      90619.9
4.809      90619.9
4.81      90620
4.811      90620.1
4.812      90620.1
4.813      90620.2
4.814      90620.2
4.815      90620.3
4.816      90620.3
4.817      90620.4
4.818      90620.5
4.819      90620.5
4.82      90620.6
4.821      90620.6
4.822      90620.7
4.823      90620.7
4.824      90620.8
4.825      90620.9
4.826      90620.9
4.827      90621
4.828      90621
4.829      90621.1
4.83      90621.1
4.831      90621.2
4.832      90621.3
4.833      90621.3
4.834      90621.4
4.835      90621.4
4.836      90621.5
4.837      90621.5
4.838      90621.6
4.839      90621.7
4.84      90621.7
4.841      90621.8
4.842      90621.8
4.843      90621.9
4.844      90621.9
4.845      90622
4.846      90622
4.847      90622.1
4.848      90622.2
4.849      90622.2
4.85      90622.3
4.851      90622.3
4.852      90622.4
4.853      90622.4
4.854      90622.5
4.855      90622.5
4.856      90622.6
4.857      90622.7
4.858      90622.7
4.859      90622.8
4.86      90622.8
4.861      90622.9
4.862      90622.9
4.863      90623
4.864      90623
4.865      90623.1
4.866      90623.1
4.867      90623.2
4.868      90623.3
4.869      90623.3
4.87      90623.4
4.871      90623.4
4.872      90623.5
4.873      90623.5
4.874      90623.6
4.875      90623.6
4.876      90623.7
4.877      90623.7
4.878      90623.8
4.879      90623.8
4.88      90623.9
4.881      90623.9
4.882      90624
4.883      90624.1
4.884      90624.1
4.885      90624.2
4.886      90624.2
4.887      90624.3
4.888      90624.3
4.889      90624.4
4.89      90624.4
4.891      90624.5
4.892      90624.5
4.893      90624.6
4.894      90624.6
4.895      90624.7
4.896      90624.7
4.897      90624.8
4.898      90624.8
4.899      90624.9
4.9      90624.9
4.901      90625
4.902      90625
4.903      90625.1
4.904      90625.2
4.905      90625.2
4.906      90625.3
4.907      90625.3
4.908      90625.4
4.909      90625.4
4.91      90625.5
4.911      90625.5
4.912      90625.6
4.913      90625.6
4.914      90625.7
4.915      90625.7
4.916      90625.8
4.917      90625.8
4.918      90625.9
4.919      90625.9
4.92      90626
4.921      90626
4.922      90626.1
4.923      90626.1
4.924      90626.2
4.925      90626.2
4.926      90626.3
4.927      90626.3
4.928      90626.4
4.929      90626.4
4.93      90626.5
4.931      90626.5
4.932      90626.6
4.933      90626.6
4.934      90626.7
4.935      90626.7
4.936      90626.8
4.937      90626.8
4.938      90626.9
4.939      90626.9
4.94      90627
4.941      90627
4.942      90627.1
4.943      90627.1
4.944      90627.2
4.945      90627.2
4.946      90627.3
4.947      90627.3
4.948      90627.4
4.949      90627.4
4.95      90627.5
4.951      90627.5
4.952      90627.6
4.953      90627.6
4.954      90627.7
4.955      90627.7
4.956      90627.8
4.957      90627.8
4.958      90627.8
4.959      90627.9
4.96      90627.9
4.961      90628
4.962      90628
4.963      90628.1
4.964      90628.1
4.965      90628.2
4.966      90628.2
4.967      90628.3
4.968      90628.3
4.969      90628.4
4.97      90628.4
4.971      90628.5
4.972      90628.5
4.973      90628.6
4.974      90628.6
4.975      90628.7
4.976      90628.7
4.977      90628.8
4.978      90628.8
4.979      90628.8
4.98      90628.9
4.981      90628.9
4.982      90629
4.983      90629
4.984      90629.1
4.985      90629.1
4.986      90629.2
4.987      90629.2
4.988      90629.3
4.989      90629.3
4.99      90629.4
4.991      90629.4
4.992      90629.5
4.993      90629.5
4.994      90629.5
4.995      90629.6
4.996      90629.6
4.997      90629.7
4.998      90629.7
4.999      90629.8
