3.46945e-16	8.76062e-16	

-0.5	-0.5	
0.5	0.5	

0.141225	-0.651537	
0.493635	0.448073	
-0.63486	0.203464	

-0.707109	0.707108	
0.707105	0.707105	
-0.707105	-0.707105	
0.707109	-0.707108	

-0.205737	0.927844	
0.845808	0.482999	
-0.976931	0.0966604	
0.728567	-0.637087	
-0.391707	-0.870416	

-0.389285	1.06229	
-1.13059	-0.0419665	
5.40217e-16	1.2399e-15	
0.939336	-0.630594	
-0.30946	-1.08823	
0.890001	0.698497	

0.201902	-1.38307	
-1.38307	0.201902	
-0.201902	1.38307	
1.38307	-0.201902	
-0.602514	-0.602514	
0.602514	0.602514	
2.05913e-08	2.068e-08	

-7.83073e-08	-1.63226	
1.63226	9.0862e-08	
-1.63226	-9.08171e-08	
0.547839	-0.547839	
-0.547838	-0.547838	
7.82767e-08	1.63226	
0.547838	0.547838	
-0.547839	0.547839	

0.256199	-1.5535	
1.11826	1.08313	
-1.56757	0.228109	
-1.08313	-1.11826	
-0.371946	0.371946	
-0.228109	1.56757	
0.488401	0.165598	
-0.165598	-0.488401	
1.5535	-0.256199	

0.192689	-1.50214	
1.4207	0.521615	
-1.50798	0.146849	
-0.824014	1.26877	
-1.05416	-1.08562	
0.479319	1.43719	
0.251652	0.450367	
-0.515887	-0.00699681	
1.29367	-0.78688	
0.264007	-0.443152	

0.639727	-1.54577	
1.55536	0.645434	
-1.55591	0.644732	
0.257944	0.446057	
0.257936	-0.446061	
0.639727	1.54577	
-0.639244	1.54527	
-0.515738	4.59223e-06	
1.55536	-0.645434	
-0.639244	-1.54527	
-1.55591	-0.644732	

0.687069	-1.62277	
1.62277	0.687069	
-1.62277	0.687069	
0.567413	0.567413	
0.567413	-0.567413	
0.687069	1.62277	
-0.687069	1.62277	
-0.567413	0.567413	
-0.567413	-0.567413	
-0.687069	-1.62277	
-1.62277	-0.687069	
1.62277	-0.687069	

0.804314	-1.56378	
1.1129	1.51616	
-1.35604	1.35604	
1.51138	0.50353	
-1.51616	-1.1129	
0.531906	0.597234	
-0.198148	1.44264	
-0.499877	0.499877	
-0.503528	-1.51138	
0.589348	-0.589348	
-0.597234	-0.531905	
1.56378	-0.804312	
-1.44264	0.198146	

0.599033	-1.61428	
1.59915	0.286346	
-1.59915	0.286332	
0.691428	0.724904	
-0.599018	-1.61428	
1.25428	1.44988	
-6.55722e-06	1.63209	
-1.2543	1.44987	
-0.706667	-0.702696	
0.706666	-0.702697	
-1.57491	-0.960184	
1.57491	-0.960168	
-0.691429	0.724903	
3.03689e-10	-8.40363e-06	

0.653455	-1.73449	
1.82123	0.338507	
-1.8188	0.303949	
0.910887	0.0571836	
-0.611792	-1.73568	
1.16649	1.42696	
-0.0155295	1.84879	
-1.20693	1.39929	
-0.70568	-0.57809	
0.334056	-0.850422	
-1.59152	-0.946814	
1.60396	-0.901519	
-0.766854	0.490503	
5.37295e-15	4.58476e-15	
0.227035	0.88183	

0.461417	-1.90973	
2.06927	0.0233658	
-1.07623	1.43451	
1.12596	0.291392	
-0.773516	-1.67585	
1.32949	1.32949	
0.0233656	2.06927	
0.549623	-0.518988	
-1.13353	-0.181011	
-0.181011	-1.13353	
-1.90973	0.461416	
1.43451	-1.07623	
-0.518988	0.549623	
-0.0161617	-0.0161617	
0.291392	1.12596	
-1.67585	-0.773516	

8.29318e-08	-2.3229	
2.28886	0.0961331	
-1.23431	1.40965	
1.26883	0.218433	
-0.466426	-1.30491	
1.23431	1.40965	
6.41879e-08	2.2986	
0.539041	-0.482328	
-0.539041	-0.482328	
0.466425	-1.30491	
-2.28886	0.0961332	
1.52084	-1.01424	
-1.26883	0.218434	
-0.425078	0.454343	
0.425078	0.454343	
-1.52084	-1.01424	
1.48362e-07	1.27014	

0.0708586	-2.29188	
1.5434	0.830338	
-1.55896	1.55245	
-0.401222	0.398898	
-0.807968	-1.5333	
0.541495	0.536344	
-0.0708586	2.29188	
1.38412	-0.283011	
-0.541495	-0.536344	
0.291554	-1.38542	
-2.28997	0.0729945	
1.55896	-1.55245	
-1.38412	0.283011	
0.401222	-0.398898	
2.28997	-0.0729945	
-1.5434	-0.830338	
-0.291554	1.38542	
0.807968	1.5333	

-0.00128738	-2.30991	
1.55563	1.55097	
-1.55099	1.55605	
0.431755	-0.00461372	
-1.55113	-1.55592	
1.33715	0.458825	
-0.00128779	2.30989	
1.33733	-0.458342	
-0.448411	-1.34254	
0.464701	-1.33732	
-2.31034	-3.65064e-05	
1.55578	-1.55084	
-1.34233	0.45607	
-0.233403	-0.373912	
-0.226524	0.377715	
-1.34246	-0.455619	
-0.448466	1.34242	
0.464789	1.33715	
2.30947	-3.69132e-05	

0.174286	-2.2221	
1.54102	1.54093	
-1.61895	1.60577	
1.3428	-0.324191	
-1.04987	-1.7867	
1.37587	0.505037	
0.0184772	2.29573	
-1.03507	0.748889	
-0.310363	-0.310278	
-0.286154	-1.2724	
-2.22205	0.174375	
1.6058	-1.61894	
-0.120484	0.418256	
-0.324076	1.34281	
0.748892	-1.03509	
-1.2724	-0.286176	
0.418219	-0.120612	
0.505116	1.37592	
2.29572	0.0185169	
-1.7868	-1.04975	

0.683068	-2.14158	
1.51312	1.66234	
-1.37422	1.77875	
0.807507	-1.04522	
-0.853336	-2.07948	
1.16862	0.613648	
0.090725	2.24604	
0.266235	-0.344682	
1.28951	-0.28179	
-0.0528769	-1.31888	
-2.1962	0.479224	
1.89976	-1.20159	
-1.11575	0.705234	
-1.30894	-0.176712	
0.165386	0.402907	
-0.888789	-0.975852	
-0.40072	1.25765	
0.501434	1.22194	
2.22756	0.300725	
-1.99049	-1.04445	
-0.431621	-0.0582252	

